HKL	          d	    F^2	  M	
[-1,0,0]	 3.70100	    3.50	   6
[0,-1,0]	 3.70100	    3.50	   6
[0,0,-1]	 3.70100	    3.50	   6
[0,0,1] 	 3.70100	    3.50	   6
[0,1,0] 	 3.70100	    3.50	   6
[1,0,0] 	 3.70100	    3.50	   6
[-1,-1,0]	 2.61700	    2.63	  12
[-1,0,-1]	 2.61700	    2.63	  12
[0,-1,-1]	 2.61700	    2.63	  12
[0,-1,1]	 2.61700	    2.63	  12
[0,1,-1]	 2.61700	    2.63	  12
[0,1,1] 	 2.61700	    2.63	  12
[1,0,1] 	 2.61700	    2.63	  12
[1,1,0] 	 2.61700	    2.63	  12
[-1,0,1]	 2.61700	    2.63	  12
[-1,1,0]	 2.61700	    2.63	  12
[1,-1,0]	 2.61700	    2.63	  12
[1,0,-1]	 2.61700	    2.63	  12
[-1,-1,-1]	 2.13677	  534.95	   8
[1,1,1] 	 2.13677	  534.95	   8
[-1,-1,1]	 2.13677	  534.95	   8
[-1,1,-1]	 2.13677	  534.95	   8
[1,-1,1]	 2.13677	  534.95	   8
[1,1,-1]	 2.13677	  534.95	   8
[-1,1,1]	 2.13677	  534.95	   8
[1,-1,-1]	 2.13677	  534.95	   8
[-2,0,0]	 1.85050	  401.00	   6
[0,-2,0]	 1.85050	  401.00	   6
[0,0,-2]	 1.85050	  401.00	   6
[0,0,2] 	 1.85050	  401.00	   6
[0,2,0] 	 1.85050	  401.00	   6
[2,0,0] 	 1.85050	  401.00	   6
[-1,-2,0]	 1.65514	    1.11	  24
[-1,0,-2]	 1.65514	    1.11	  24
[1,0,2] 	 1.65514	    1.11	  24
[1,2,0] 	 1.65514	    1.11	  24
[-2,-1,0]	 1.65514	    1.11	  24
[-2,0,-1]	 1.65514	    1.11	  24
[-2,0,1]	 1.65514	    1.11	  24
[-2,1,0]	 1.65514	    1.11	  24
[-1,0,2]	 1.65514	    1.11	  24
[-1,2,0]	 1.65514	    1.11	  24
[0,-2,-1]	 1.65514	    1.11	  24
[0,-2,1]	 1.65514	    1.11	  24
[0,-1,-2]	 1.65514	    1.11	  24
[0,-1,2]	 1.65514	    1.11	  24
[0,1,-2]	 1.65514	    1.11	  24
[0,1,2] 	 1.65514	    1.11	  24
[0,2,-1]	 1.65514	    1.11	  24
[0,2,1] 	 1.65514	    1.11	  24
[1,-2,0]	 1.65514	    1.11	  24
[1,0,-2]	 1.65514	    1.11	  24
[2,-1,0]	 1.65514	    1.11	  24
[2,0,-1]	 1.65514	    1.11	  24
[2,0,1] 	 1.65514	    1.11	  24
[2,1,0] 	 1.65514	    1.11	  24
[-1,-2,-1]	 1.51093	    0.83	  24
[-1,-1,-2]	 1.51093	    0.83	  24
[1,1,2] 	 1.51093	    0.83	  24
[1,2,1] 	 1.51093	    0.83	  24
[-2,-1,-1]	 1.51093	    0.83	  24
[-2,-1,1]	 1.51093	    0.83	  24
[-2,1,-1]	 1.51093	    0.83	  24
[-2,1,1]	 1.51093	    0.83	  24
[-1,-2,1]	 1.51093	    0.83	  24
[-1,-1,2]	 1.51093	    0.83	  24
[-1,1,-2]	 1.51093	    0.83	  24
[-1,1,2]	 1.51093	    0.83	  24
[-1,2,-1]	 1.51093	    0.83	  24
[1,-2,1]	 1.51093	    0.83	  24
[1,-1,-2]	 1.51093	    0.83	  24
[1,-1,2]	 1.51093	    0.83	  24
[1,1,-2]	 1.51093	    0.83	  24
[1,2,-1]	 1.51093	    0.83	  24
[2,-1,-1]	 1.51093	    0.83	  24
[2,-1,1]	 1.51093	    0.83	  24
[2,1,-1]	 1.51093	    0.83	  24
[2,1,1] 	 1.51093	    0.83	  24
[-1,2,1]	 1.51093	    0.83	  24
[1,-2,-1]	 1.51093	    0.83	  24
[-2,-2,0]	 1.30850	  126.61	  12
[-2,0,-2]	 1.30850	  126.61	  12
[0,-2,-2]	 1.30850	  126.61	  12
[0,-2,2]	 1.30850	  126.61	  12
[0,2,-2]	 1.30850	  126.61	  12
[0,2,2] 	 1.30850	  126.61	  12
[2,0,2] 	 1.30850	  126.61	  12
[2,2,0] 	 1.30850	  126.61	  12
[-2,0,2]	 1.30850	  126.61	  12
[-2,2,0]	 1.30850	  126.61	  12
[2,-2,0]	 1.30850	  126.61	  12
[2,0,-2]	 1.30850	  126.61	  12
[-3,0,0]	 1.23367	    0.35	   6
[-2,-2,-1]	 1.23367	    0.35	  24
[-2,-2,1]	 1.23367	    0.35	  24
[-2,-1,-2]	 1.23367	    0.35	  24
[-2,1,-2]	 1.23367	    0.35	  24
[-1,-2,-2]	 1.23367	    0.35	  24
[-1,-2,2]	 1.23367	    0.35	  24
[-1,2,-2]	 1.23367	    0.35	  24
[0,-3,0]	 1.23367	    0.35	   6
[0,0,-3]	 1.23367	    0.35	   6
[0,0,3] 	 1.23367	    0.35	   6
[0,3,0] 	 1.23367	    0.35	   6
[1,-2,2]	 1.23367	    0.35	  24
[1,2,-2]	 1.23367	    0.35	  24
[1,2,2] 	 1.23367	    0.35	  24
[2,-1,2]	 1.23367	    0.35	  24
[2,1,2] 	 1.23367	    0.35	  24
[2,2,-1]	 1.23367	    0.35	  24
[2,2,1] 	 1.23367	    0.35	  24
[3,0,0] 	 1.23367	    0.35	   6
[-2,-1,2]	 1.23367	    0.35	  24
[-2,1,2]	 1.23367	    0.35	  24
[-2,2,-1]	 1.23367	    0.35	  24
[-2,2,1]	 1.23367	    0.35	  24
[-1,2,2]	 1.23367	    0.35	  24
[1,-2,-2]	 1.23367	    0.35	  24
[2,-2,-1]	 1.23367	    0.35	  24
[2,-2,1]	 1.23367	    0.35	  24
[2,-1,-2]	 1.23367	    0.35	  24
[2,1,-2]	 1.23367	    0.35	  24
[-3,-1,0]	 1.17036	    0.26	  24
[-3,0,-1]	 1.17036	    0.26	  24
[-3,0,1]	 1.17036	    0.26	  24
[-3,1,0]	 1.17036	    0.26	  24
[-1,-3,0]	 1.17036	    0.26	  24
[-1,0,-3]	 1.17036	    0.26	  24
[0,-3,-1]	 1.17036	    0.26	  24
[0,-3,1]	 1.17036	    0.26	  24
[0,-1,-3]	 1.17036	    0.26	  24
[0,-1,3]	 1.17036	    0.26	  24
[0,1,-3]	 1.17036	    0.26	  24
[0,1,3] 	 1.17036	    0.26	  24
[0,3,-1]	 1.17036	    0.26	  24
[0,3,1] 	 1.17036	    0.26	  24
[1,0,3] 	 1.17036	    0.26	  24
[1,3,0] 	 1.17036	    0.26	  24
[3,-1,0]	 1.17036	    0.26	  24
[3,0,-1]	 1.17036	    0.26	  24
[3,0,1] 	 1.17036	    0.26	  24
[3,1,0] 	 1.17036	    0.26	  24
[-1,0,3]	 1.17036	    0.26	  24
[-1,3,0]	 1.17036	    0.26	  24
[1,-3,0]	 1.17036	    0.26	  24
[1,0,-3]	 1.17036	    0.26	  24
[-3,-1,-1]	 1.11589	   53.33	  24
[-3,-1,1]	 1.11589	   53.33	  24
[-3,1,-1]	 1.11589	   53.33	  24
[-3,1,1]	 1.11589	   53.33	  24
[-1,-3,-1]	 1.11589	   53.33	  24
[-1,-3,1]	 1.11589	   53.33	  24
[-1,-1,-3]	 1.11589	   53.33	  24
[-1,-1,3]	 1.11589	   53.33	  24
[-1,1,-3]	 1.11589	   53.33	  24
[-1,1,3]	 1.11589	   53.33	  24
[-1,3,-1]	 1.11589	   53.33	  24
[-1,3,1]	 1.11589	   53.33	  24
[1,-3,-1]	 1.11589	   53.33	  24
[1,-3,1]	 1.11589	   53.33	  24
[1,-1,-3]	 1.11589	   53.33	  24
[1,-1,3]	 1.11589	   53.33	  24
[1,1,-3]	 1.11589	   53.33	  24
[1,1,3] 	 1.11589	   53.33	  24
[1,3,-1]	 1.11589	   53.33	  24
[1,3,1] 	 1.11589	   53.33	  24
[3,-1,-1]	 1.11589	   53.33	  24
[3,-1,1]	 1.11589	   53.33	  24
[3,1,-1]	 1.11589	   53.33	  24
[3,1,1] 	 1.11589	   53.33	  24
[-2,-2,-2]	 1.06839	   39.97	   8
[2,2,2] 	 1.06839	   39.97	   8
[-2,-2,2]	 1.06839	   39.97	   8
[-2,2,-2]	 1.06839	   39.97	   8
[2,-2,2]	 1.06839	   39.97	   8
[2,2,-2]	 1.06839	   39.97	   8
[-2,2,2]	 1.06839	   39.97	   8
[2,-2,-2]	 1.06839	   39.97	   8
[-3,-2,0]	 1.02647	    0.11	  24
[-3,0,-2]	 1.02647	    0.11	  24
[-2,-3,0]	 1.02647	    0.11	  24
[-2,0,-3]	 1.02647	    0.11	  24
[2,0,3] 	 1.02647	    0.11	  24
[2,3,0] 	 1.02647	    0.11	  24
[3,0,2] 	 1.02647	    0.11	  24
[3,2,0] 	 1.02647	    0.11	  24
[-2,0,3]	 1.02647	    0.11	  24
[-2,3,0]	 1.02647	    0.11	  24
[0,-3,-2]	 1.02647	    0.11	  24
[0,-3,2]	 1.02647	    0.11	  24
[0,-2,-3]	 1.02647	    0.11	  24
[0,-2,3]	 1.02647	    0.11	  24
[0,2,-3]	 1.02647	    0.11	  24
[0,2,3] 	 1.02647	    0.11	  24
[0,3,-2]	 1.02647	    0.11	  24
[0,3,2] 	 1.02647	    0.11	  24
[2,-3,0]	 1.02647	    0.11	  24
[2,0,-3]	 1.02647	    0.11	  24
[-3,0,2]	 1.02647	    0.11	  24
[-3,2,0]	 1.02647	    0.11	  24
[3,-2,0]	 1.02647	    0.11	  24
[3,0,-2]	 1.02647	    0.11	  24
[-3,-2,-1]	 0.98913	    0.08	  48
[-3,-2,1]	 0.98913	    0.08	  48
[-3,-1,-2]	 0.98913	    0.08	  48
[-3,1,-2]	 0.98913	    0.08	  48
[-2,-3,-1]	 0.98913	    0.08	  48
[-2,-3,1]	 0.98913	    0.08	  48
[-2,-1,-3]	 0.98913	    0.08	  48
[-2,1,-3]	 0.98913	    0.08	  48
[-2,1,3]	 0.98913	    0.08	  48
[-2,3,-1]	 0.98913	    0.08	  48
[-2,3,1]	 0.98913	    0.08	  48
[-1,-3,-2]	 0.98913	    0.08	  48
[-1,-3,2]	 0.98913	    0.08	  48
[-1,-2,-3]	 0.98913	    0.08	  48
[-1,-2,3]	 0.98913	    0.08	  48
[-1,2,-3]	 0.98913	    0.08	  48
[-1,3,-2]	 0.98913	    0.08	  48
[-1,3,2]	 0.98913	    0.08	  48
[1,-3,-2]	 0.98913	    0.08	  48
[1,-3,2]	 0.98913	    0.08	  48
[1,-2,3]	 0.98913	    0.08	  48
[1,2,-3]	 0.98913	    0.08	  48
[1,2,3] 	 0.98913	    0.08	  48
[1,3,-2]	 0.98913	    0.08	  48
[1,3,2] 	 0.98913	    0.08	  48
[2,-3,-1]	 0.98913	    0.08	  48
[2,-3,1]	 0.98913	    0.08	  48
[2,-1,-3]	 0.98913	    0.08	  48
[2,-1,3]	 0.98913	    0.08	  48
[2,1,3] 	 0.98913	    0.08	  48
[2,3,-1]	 0.98913	    0.08	  48
[2,3,1] 	 0.98913	    0.08	  48
[3,-1,2]	 0.98913	    0.08	  48
[3,1,2] 	 0.98913	    0.08	  48
[3,2,-1]	 0.98913	    0.08	  48
[3,2,1] 	 0.98913	    0.08	  48
[-3,-1,2]	 0.98913	    0.08	  48
[-3,1,2]	 0.98913	    0.08	  48
[-3,2,-1]	 0.98913	    0.08	  48
[-3,2,1]	 0.98913	    0.08	  48
[-2,-1,3]	 0.98913	    0.08	  48
[-1,2,3]	 0.98913	    0.08	  48
[1,-2,-3]	 0.98913	    0.08	  48
[2,1,-3]	 0.98913	    0.08	  48
[3,-2,-1]	 0.98913	    0.08	  48
[3,-2,1]	 0.98913	    0.08	  48
[3,-1,-2]	 0.98913	    0.08	  48
[3,1,-2]	 0.98913	    0.08	  48
[-4,0,0]	 0.92525	   12.62	   6
[0,-4,0]	 0.92525	   12.62	   6
[0,0,-4]	 0.92525	   12.62	   6
[0,0,4] 	 0.92525	   12.62	   6
[0,4,0] 	 0.92525	   12.62	   6
[4,0,0] 	 0.92525	   12.62	   6
[-3,-2,-2]	 0.89762	    0.03	  24
[3,2,2] 	 0.89762	    0.03	  24
[-4,-1,0]	 0.89762	    0.03	  24
[-4,0,-1]	 0.89762	    0.03	  24
[-4,0,1]	 0.89762	    0.03	  24
[-4,1,0]	 0.89762	    0.03	  24
[-3,-2,2]	 0.89762	    0.03	  24
[-3,2,-2]	 0.89762	    0.03	  24
[-2,-3,-2]	 0.89762	    0.03	  24
[-2,-3,2]	 0.89762	    0.03	  24
[-2,-2,-3]	 0.89762	    0.03	  24
[-2,-2,3]	 0.89762	    0.03	  24
[-2,2,-3]	 0.89762	    0.03	  24
[-2,3,-2]	 0.89762	    0.03	  24
[-1,-4,0]	 0.89762	    0.03	  24
[-1,0,-4]	 0.89762	    0.03	  24
[-1,0,4]	 0.89762	    0.03	  24
[-1,4,0]	 0.89762	    0.03	  24
[0,-4,-1]	 0.89762	    0.03	  24
[0,-4,1]	 0.89762	    0.03	  24
[0,-1,-4]	 0.89762	    0.03	  24
[0,-1,4]	 0.89762	    0.03	  24
[0,1,-4]	 0.89762	    0.03	  24
[0,1,4] 	 0.89762	    0.03	  24
[0,4,-1]	 0.89762	    0.03	  24
[0,4,1] 	 0.89762	    0.03	  24
[1,-4,0]	 0.89762	    0.03	  24
[1,0,-4]	 0.89762	    0.03	  24
[1,0,4] 	 0.89762	    0.03	  24
[1,4,0] 	 0.89762	    0.03	  24
[2,-3,2]	 0.89762	    0.03	  24
[2,-2,3]	 0.89762	    0.03	  24
[2,2,-3]	 0.89762	    0.03	  24
[2,2,3] 	 0.89762	    0.03	  24
[2,3,-2]	 0.89762	    0.03	  24
[2,3,2] 	 0.89762	    0.03	  24
[3,-2,2]	 0.89762	    0.03	  24
[3,2,-2]	 0.89762	    0.03	  24
[4,-1,0]	 0.89762	    0.03	  24
[4,0,-1]	 0.89762	    0.03	  24
[4,0,1] 	 0.89762	    0.03	  24
[4,1,0] 	 0.89762	    0.03	  24
[-3,2,2]	 0.89762	    0.03	  24
[-2,2,3]	 0.89762	    0.03	  24
[-2,3,2]	 0.89762	    0.03	  24
[2,-3,-2]	 0.89762	    0.03	  24
[2,-2,-3]	 0.89762	    0.03	  24
[3,-2,-2]	 0.89762	    0.03	  24
[-4,-1,-1]	 0.87233	    0.03	  24
[-4,-1,1]	 0.87233	    0.03	  24
[-4,1,-1]	 0.87233	    0.03	  24
[-4,1,1]	 0.87233	    0.03	  24
[-3,-3,0]	 0.87233	    0.03	  12
[-3,0,-3]	 0.87233	    0.03	  12
[-1,-4,-1]	 0.87233	    0.03	  24
[-1,-4,1]	 0.87233	    0.03	  24
[-1,-1,-4]	 0.87233	    0.03	  24
[-1,1,-4]	 0.87233	    0.03	  24
[-1,4,-1]	 0.87233	    0.03	  24
[0,-3,-3]	 0.87233	    0.03	  12
[0,-3,3]	 0.87233	    0.03	  12
[0,3,-3]	 0.87233	    0.03	  12
[0,3,3] 	 0.87233	    0.03	  12
[1,-4,1]	 0.87233	    0.03	  24
[1,-1,4]	 0.87233	    0.03	  24
[1,1,4] 	 0.87233	    0.03	  24
[1,4,-1]	 0.87233	    0.03	  24
[1,4,1] 	 0.87233	    0.03	  24
[3,0,3] 	 0.87233	    0.03	  12
[3,3,0] 	 0.87233	    0.03	  12
[4,-1,-1]	 0.87233	    0.03	  24
[4,-1,1]	 0.87233	    0.03	  24
[4,1,-1]	 0.87233	    0.03	  24
[4,1,1] 	 0.87233	    0.03	  24
[-3,0,3]	 0.87233	    0.03	  12
[-3,3,0]	 0.87233	    0.03	  12
[-1,-1,4]	 0.87233	    0.03	  24
[-1,1,4]	 0.87233	    0.03	  24
[-1,4,1]	 0.87233	    0.03	  24
[1,-4,-1]	 0.87233	    0.03	  24
[1,-1,-4]	 0.87233	    0.03	  24
[1,1,-4]	 0.87233	    0.03	  24
[3,-3,0]	 0.87233	    0.03	  12
[3,0,-3]	 0.87233	    0.03	  12
[-3,-3,-1]	 0.84907	    5.32	  24
[-3,-3,1]	 0.84907	    5.32	  24
[-3,-1,-3]	 0.84907	    5.32	  24
[-3,1,-3]	 0.84907	    5.32	  24
[-1,-3,-3]	 0.84907	    5.32	  24
[1,3,3] 	 0.84907	    5.32	  24
[3,-1,3]	 0.84907	    5.32	  24
[3,1,3] 	 0.84907	    5.32	  24
[3,3,-1]	 0.84907	    5.32	  24
[3,3,1] 	 0.84907	    5.32	  24
[-3,-1,3]	 0.84907	    5.32	  24
[-3,1,3]	 0.84907	    5.32	  24
[-3,3,-1]	 0.84907	    5.32	  24
[-3,3,1]	 0.84907	    5.32	  24
[-1,-3,3]	 0.84907	    5.32	  24
[-1,3,-3]	 0.84907	    5.32	  24
[-1,3,3]	 0.84907	    5.32	  24
[1,-3,-3]	 0.84907	    5.32	  24
[1,-3,3]	 0.84907	    5.32	  24
[1,3,-3]	 0.84907	    5.32	  24
[3,-3,-1]	 0.84907	    5.32	  24
[3,-3,1]	 0.84907	    5.32	  24
[3,-1,-3]	 0.84907	    5.32	  24
[3,1,-3]	 0.84907	    5.32	  24
[-2,-4,0]	 0.82757	    3.98	  24
[-2,0,-4]	 0.82757	    3.98	  24
[2,0,4] 	 0.82757	    3.98	  24
[2,4,0] 	 0.82757	    3.98	  24
[-4,-2,0]	 0.82757	    3.98	  24
[-4,0,-2]	 0.82757	    3.98	  24
[-4,0,2]	 0.82757	    3.98	  24
[-4,2,0]	 0.82757	    3.98	  24
[-2,0,4]	 0.82757	    3.98	  24
[-2,4,0]	 0.82757	    3.98	  24
[0,-4,-2]	 0.82757	    3.98	  24
[0,-4,2]	 0.82757	    3.98	  24
[0,-2,-4]	 0.82757	    3.98	  24
[0,-2,4]	 0.82757	    3.98	  24
[0,2,-4]	 0.82757	    3.98	  24
[0,2,4] 	 0.82757	    3.98	  24
[0,4,-2]	 0.82757	    3.98	  24
[0,4,2] 	 0.82757	    3.98	  24
[2,-4,0]	 0.82757	    3.98	  24
[2,0,-4]	 0.82757	    3.98	  24
[4,-2,0]	 0.82757	    3.98	  24
[4,0,-2]	 0.82757	    3.98	  24
[4,0,2] 	 0.82757	    3.98	  24
[4,2,0] 	 0.82757	    3.98	  24
[-4,-2,-1]	 0.80762	    0.01	  48
[-4,-2,1]	 0.80762	    0.01	  48
[-4,-1,-2]	 0.80762	    0.01	  48
[-4,-1,2]	 0.80762	    0.01	  48
[-4,1,-2]	 0.80762	    0.01	  48
[-4,1,2]	 0.80762	    0.01	  48
[-4,2,-1]	 0.80762	    0.01	  48
[-4,2,1]	 0.80762	    0.01	  48
[-2,-4,-1]	 0.80762	    0.01	  48
[-2,-4,1]	 0.80762	    0.01	  48
[-2,-1,-4]	 0.80762	    0.01	  48
[-2,1,-4]	 0.80762	    0.01	  48
[-1,-4,-2]	 0.80762	    0.01	  48
[-1,-4,2]	 0.80762	    0.01	  48
[-1,-2,-4]	 0.80762	    0.01	  48
[-1,4,-2]	 0.80762	    0.01	  48
[1,-4,2]	 0.80762	    0.01	  48
[1,2,4] 	 0.80762	    0.01	  48
[1,4,-2]	 0.80762	    0.01	  48
[1,4,2] 	 0.80762	    0.01	  48
[2,-1,4]	 0.80762	    0.01	  48
[2,1,4] 	 0.80762	    0.01	  48
[2,4,-1]	 0.80762	    0.01	  48
[2,4,1] 	 0.80762	    0.01	  48
[4,-2,-1]	 0.80762	    0.01	  48
[4,-2,1]	 0.80762	    0.01	  48
[4,-1,-2]	 0.80762	    0.01	  48
[4,-1,2]	 0.80762	    0.01	  48
[4,1,-2]	 0.80762	    0.01	  48
[4,1,2] 	 0.80762	    0.01	  48
[4,2,-1]	 0.80762	    0.01	  48
[4,2,1] 	 0.80762	    0.01	  48
[-2,-1,4]	 0.80762	    0.01	  48
[-2,1,4]	 0.80762	    0.01	  48
[-2,4,-1]	 0.80762	    0.01	  48
[-2,4,1]	 0.80762	    0.01	  48
[-1,-2,4]	 0.80762	    0.01	  48
[-1,2,-4]	 0.80762	    0.01	  48
[-1,2,4]	 0.80762	    0.01	  48
[-1,4,2]	 0.80762	    0.01	  48
[1,-4,-2]	 0.80762	    0.01	  48
[1,-2,-4]	 0.80762	    0.01	  48
[1,-2,4]	 0.80762	    0.01	  48
[1,2,-4]	 0.80762	    0.01	  48
[2,-4,-1]	 0.80762	    0.01	  48
[2,-4,1]	 0.80762	    0.01	  48
[2,-1,-4]	 0.80762	    0.01	  48
[2,1,-4]	 0.80762	    0.01	  48
[-3,-3,-2]	 0.78906	    0.01	  24
[-3,-2,-3]	 0.78906	    0.01	  24
[-2,-3,-3]	 0.78906	    0.01	  24
[2,3,3] 	 0.78906	    0.01	  24
[3,2,3] 	 0.78906	    0.01	  24
[3,3,2] 	 0.78906	    0.01	  24
[-3,-3,2]	 0.78906	    0.01	  24
[-3,-2,3]	 0.78906	    0.01	  24
[-3,2,-3]	 0.78906	    0.01	  24
[-3,2,3]	 0.78906	    0.01	  24
[-3,3,-2]	 0.78906	    0.01	  24
[-3,3,2]	 0.78906	    0.01	  24
[-2,-3,3]	 0.78906	    0.01	  24
[-2,3,-3]	 0.78906	    0.01	  24
[-2,3,3]	 0.78906	    0.01	  24
[2,-3,-3]	 0.78906	    0.01	  24
[2,-3,3]	 0.78906	    0.01	  24
[2,3,-3]	 0.78906	    0.01	  24
[3,-3,-2]	 0.78906	    0.01	  24
[3,-3,2]	 0.78906	    0.01	  24
[3,-2,-3]	 0.78906	    0.01	  24
[3,-2,3]	 0.78906	    0.01	  24
[3,2,-3]	 0.78906	    0.01	  24
[3,3,-2]	 0.78906	    0.01	  24
[-2,-4,-2]	 0.75546	    1.26	  24
[-2,-2,-4]	 0.75546	    1.26	  24
[2,2,4] 	 0.75546	    1.26	  24
[2,4,2] 	 0.75546	    1.26	  24
[-4,-2,-2]	 0.75546	    1.26	  24
[-4,-2,2]	 0.75546	    1.26	  24
[-4,2,-2]	 0.75546	    1.26	  24
[-4,2,2]	 0.75546	    1.26	  24
[-2,-4,2]	 0.75546	    1.26	  24
[-2,-2,4]	 0.75546	    1.26	  24
[-2,2,-4]	 0.75546	    1.26	  24
[-2,2,4]	 0.75546	    1.26	  24
[-2,4,-2]	 0.75546	    1.26	  24
[2,-4,2]	 0.75546	    1.26	  24
[2,-2,-4]	 0.75546	    1.26	  24
[2,-2,4]	 0.75546	    1.26	  24
[2,2,-4]	 0.75546	    1.26	  24
[2,4,-2]	 0.75546	    1.26	  24
[4,-2,-2]	 0.75546	    1.26	  24
[4,-2,2]	 0.75546	    1.26	  24
[4,2,-2]	 0.75546	    1.26	  24
[4,2,2] 	 0.75546	    1.26	  24
[-2,4,2]	 0.75546	    1.26	  24
[2,-4,-2]	 0.75546	    1.26	  24
[-4,-3,0]	 0.74020	    0.00	  24
[-4,0,-3]	 0.74020	    0.00	  24
[-3,-4,0]	 0.74020	    0.00	  24
[-3,0,-4]	 0.74020	    0.00	  24
[0,-3,-4]	 0.74020	    0.00	  24
[0,3,4] 	 0.74020	    0.00	  24
[3,0,4] 	 0.74020	    0.00	  24
[3,4,0] 	 0.74020	    0.00	  24
[4,0,3] 	 0.74020	    0.00	  24
[4,3,0] 	 0.74020	    0.00	  24
[-5,0,0]	 0.74020	    0.00	   6
[0,-5,0]	 0.74020	    0.00	   6
[0,-4,-3]	 0.74020	    0.00	  24
[0,-4,3]	 0.74020	    0.00	  24
[0,-3,4]	 0.74020	    0.00	  24
[0,0,-5]	 0.74020	    0.00	   6
[0,0,5] 	 0.74020	    0.00	   6
[0,3,-4]	 0.74020	    0.00	  24
[0,4,-3]	 0.74020	    0.00	  24
[0,4,3] 	 0.74020	    0.00	  24
[0,5,0] 	 0.74020	    0.00	   6
[5,0,0] 	 0.74020	    0.00	   6
[-4,0,3]	 0.74020	    0.00	  24
[-4,3,0]	 0.74020	    0.00	  24
[-3,0,4]	 0.74020	    0.00	  24
[-3,4,0]	 0.74020	    0.00	  24
[3,-4,0]	 0.74020	    0.00	  24
[3,0,-4]	 0.74020	    0.00	  24
[4,-3,0]	 0.74020	    0.00	  24
[4,0,-3]	 0.74020	    0.00	  24
[-4,-3,-1]	 0.72583	    0.00	  48
[-4,-3,1]	 0.72583	    0.00	  48
[-4,-1,-3]	 0.72583	    0.00	  48
[-4,1,-3]	 0.72583	    0.00	  48
[-3,-4,-1]	 0.72583	    0.00	  48
[-3,-4,1]	 0.72583	    0.00	  48
[-3,-1,-4]	 0.72583	    0.00	  48
[-3,1,-4]	 0.72583	    0.00	  48
[-1,-5,0]	 0.72583	    0.00	  24
[-1,-4,-3]	 0.72583	    0.00	  48
[-1,-3,-4]	 0.72583	    0.00	  48
[-1,0,-5]	 0.72583	    0.00	  24
[1,0,5] 	 0.72583	    0.00	  24
[1,3,4] 	 0.72583	    0.00	  48
[1,4,3] 	 0.72583	    0.00	  48
[1,5,0] 	 0.72583	    0.00	  24
[3,-1,4]	 0.72583	    0.00	  48
[3,1,4] 	 0.72583	    0.00	  48
[3,4,-1]	 0.72583	    0.00	  48
[3,4,1] 	 0.72583	    0.00	  48
[4,-1,3]	 0.72583	    0.00	  48
[4,1,3] 	 0.72583	    0.00	  48
[4,3,-1]	 0.72583	    0.00	  48
[4,3,1] 	 0.72583	    0.00	  48
[-5,-1,0]	 0.72583	    0.00	  24
[-5,0,-1]	 0.72583	    0.00	  24
[-5,0,1]	 0.72583	    0.00	  24
[-5,1,0]	 0.72583	    0.00	  24
[-1,-4,3]	 0.72583	    0.00	  48
[-1,-3,4]	 0.72583	    0.00	  48
[-1,0,5]	 0.72583	    0.00	  24
[-1,3,-4]	 0.72583	    0.00	  48
[-1,3,4]	 0.72583	    0.00	  48
[-1,4,-3]	 0.72583	    0.00	  48
[-1,4,3]	 0.72583	    0.00	  48
[-1,5,0]	 0.72583	    0.00	  24
[0,-5,-1]	 0.72583	    0.00	  24
[0,-5,1]	 0.72583	    0.00	  24
[0,-1,-5]	 0.72583	    0.00	  24
[0,-1,5]	 0.72583	    0.00	  24
[0,1,-5]	 0.72583	    0.00	  24
[0,1,5] 	 0.72583	    0.00	  24
[0,5,-1]	 0.72583	    0.00	  24
[0,5,1] 	 0.72583	    0.00	  24
[1,-5,0]	 0.72583	    0.00	  24
[1,-4,-3]	 0.72583	    0.00	  48
[1,-4,3]	 0.72583	    0.00	  48
[1,-3,-4]	 0.72583	    0.00	  48
[1,-3,4]	 0.72583	    0.00	  48
[1,0,-5]	 0.72583	    0.00	  24
[1,3,-4]	 0.72583	    0.00	  48
[1,4,-3]	 0.72583	    0.00	  48
[5,-1,0]	 0.72583	    0.00	  24
[5,0,-1]	 0.72583	    0.00	  24
[5,0,1] 	 0.72583	    0.00	  24
[5,1,0] 	 0.72583	    0.00	  24
[-4,-1,3]	 0.72583	    0.00	  48
[-4,1,3]	 0.72583	    0.00	  48
[-4,3,-1]	 0.72583	    0.00	  48
[-4,3,1]	 0.72583	    0.00	  48
[-3,-1,4]	 0.72583	    0.00	  48
[-3,1,4]	 0.72583	    0.00	  48
[-3,4,-1]	 0.72583	    0.00	  48
[-3,4,1]	 0.72583	    0.00	  48
[3,-4,-1]	 0.72583	    0.00	  48
[3,-4,1]	 0.72583	    0.00	  48
[3,-1,-4]	 0.72583	    0.00	  48
[3,1,-4]	 0.72583	    0.00	  48
[4,-3,-1]	 0.72583	    0.00	  48
[4,-3,1]	 0.72583	    0.00	  48
[4,-1,-3]	 0.72583	    0.00	  48
[4,1,-3]	 0.72583	    0.00	  48
[-5,-1,-1]	 0.71226	    0.53	  24
[-5,-1,1]	 0.71226	    0.53	  24
[-5,1,-1]	 0.71226	    0.53	  24
[-5,1,1]	 0.71226	    0.53	  24
[-3,-3,-3]	 0.71226	    0.53	   8
[-1,-5,-1]	 0.71226	    0.53	  24
[-1,-5,1]	 0.71226	    0.53	  24
[-1,-1,-5]	 0.71226	    0.53	  24
[-1,1,-5]	 0.71226	    0.53	  24
[-1,5,-1]	 0.71226	    0.53	  24
[1,-5,1]	 0.71226	    0.53	  24
[1,-1,5]	 0.71226	    0.53	  24
[1,1,5] 	 0.71226	    0.53	  24
[1,5,-1]	 0.71226	    0.53	  24
[1,5,1] 	 0.71226	    0.53	  24
[3,3,3] 	 0.71226	    0.53	   8
[5,-1,-1]	 0.71226	    0.53	  24
[5,-1,1]	 0.71226	    0.53	  24
[5,1,-1]	 0.71226	    0.53	  24
[5,1,1] 	 0.71226	    0.53	  24
[-3,-3,3]	 0.71226	    0.53	   8
[-3,3,-3]	 0.71226	    0.53	   8
[-3,3,3]	 0.71226	    0.53	   8
[-1,-1,5]	 0.71226	    0.53	  24
[-1,1,5]	 0.71226	    0.53	  24
[-1,5,1]	 0.71226	    0.53	  24
[1,-5,-1]	 0.71226	    0.53	  24
[1,-1,-5]	 0.71226	    0.53	  24
[1,1,-5]	 0.71226	    0.53	  24
[3,-3,-3]	 0.71226	    0.53	   8
[3,-3,3]	 0.71226	    0.53	   8
[3,3,-3]	 0.71226	    0.53	   8
[-3,-2,-4]	 0.68726	    0.00	  48
[-2,-3,-4]	 0.68726	    0.00	  48
[2,3,4] 	 0.68726	    0.00	  48
[3,2,4] 	 0.68726	    0.00	  48
[-5,-2,0]	 0.68726	    0.00	  24
[-5,0,-2]	 0.68726	    0.00	  24
[-5,0,2]	 0.68726	    0.00	  24
[-5,2,0]	 0.68726	    0.00	  24
[-4,-3,-2]	 0.68726	    0.00	  48
[-4,-3,2]	 0.68726	    0.00	  48
[-4,-2,-3]	 0.68726	    0.00	  48
[-4,2,-3]	 0.68726	    0.00	  48
[-3,-4,-2]	 0.68726	    0.00	  48
[-3,-4,2]	 0.68726	    0.00	  48
[-3,-2,4]	 0.68726	    0.00	  48
[-3,2,-4]	 0.68726	    0.00	  48
[-3,4,-2]	 0.68726	    0.00	  48
[-2,-5,0]	 0.68726	    0.00	  24
[-2,-4,-3]	 0.68726	    0.00	  48
[-2,-4,3]	 0.68726	    0.00	  48
[-2,-3,4]	 0.68726	    0.00	  48
[-2,0,-5]	 0.68726	    0.00	  24
[-2,0,5]	 0.68726	    0.00	  24
[-2,3,-4]	 0.68726	    0.00	  48
[-2,3,4]	 0.68726	    0.00	  48
[-2,4,-3]	 0.68726	    0.00	  48
[-2,5,0]	 0.68726	    0.00	  24
[0,-5,-2]	 0.68726	    0.00	  24
[0,-5,2]	 0.68726	    0.00	  24
[0,-2,-5]	 0.68726	    0.00	  24
[0,-2,5]	 0.68726	    0.00	  24
[0,2,-5]	 0.68726	    0.00	  24
[0,2,5] 	 0.68726	    0.00	  24
[0,5,-2]	 0.68726	    0.00	  24
[0,5,2] 	 0.68726	    0.00	  24
[2,-5,0]	 0.68726	    0.00	  24
[2,-4,3]	 0.68726	    0.00	  48
[2,-3,-4]	 0.68726	    0.00	  48
[2,-3,4]	 0.68726	    0.00	  48
[2,0,-5]	 0.68726	    0.00	  24
[2,0,5] 	 0.68726	    0.00	  24
[2,3,-4]	 0.68726	    0.00	  48
[2,4,-3]	 0.68726	    0.00	  48
[2,4,3] 	 0.68726	    0.00	  48
[2,5,0] 	 0.68726	    0.00	  24
[3,-4,2]	 0.68726	    0.00	  48
[3,-2,4]	 0.68726	    0.00	  48
[3,2,-4]	 0.68726	    0.00	  48
[3,4,-2]	 0.68726	    0.00	  48
[3,4,2] 	 0.68726	    0.00	  48
[4,-2,3]	 0.68726	    0.00	  48
[4,2,3] 	 0.68726	    0.00	  48
[4,3,-2]	 0.68726	    0.00	  48
[4,3,2] 	 0.68726	    0.00	  48
[5,-2,0]	 0.68726	    0.00	  24
[5,0,-2]	 0.68726	    0.00	  24
[5,0,2] 	 0.68726	    0.00	  24
[5,2,0] 	 0.68726	    0.00	  24
[-4,-2,3]	 0.68726	    0.00	  48
[-4,2,3]	 0.68726	    0.00	  48
[-4,3,-2]	 0.68726	    0.00	  48
[-4,3,2]	 0.68726	    0.00	  48
[-3,2,4]	 0.68726	    0.00	  48
[-3,4,2]	 0.68726	    0.00	  48
[-2,4,3]	 0.68726	    0.00	  48
[2,-4,-3]	 0.68726	    0.00	  48
[3,-4,-2]	 0.68726	    0.00	  48
[3,-2,-4]	 0.68726	    0.00	  48
[4,-3,-2]	 0.68726	    0.00	  48
[4,-3,2]	 0.68726	    0.00	  48
[4,-2,-3]	 0.68726	    0.00	  48
[4,2,-3]	 0.68726	    0.00	  48
[-2,-5,-1]	 0.67571	    0.00	  48
[-2,-5,1]	 0.67571	    0.00	  48
[-2,-1,-5]	 0.67571	    0.00	  48
[-2,1,-5]	 0.67571	    0.00	  48
[-1,-5,-2]	 0.67571	    0.00	  48
[-1,-2,-5]	 0.67571	    0.00	  48
[1,2,5] 	 0.67571	    0.00	  48
[1,5,2] 	 0.67571	    0.00	  48
[2,-1,5]	 0.67571	    0.00	  48
[2,1,5] 	 0.67571	    0.00	  48
[2,5,-1]	 0.67571	    0.00	  48
[2,5,1] 	 0.67571	    0.00	  48
[-5,-2,-1]	 0.67571	    0.00	  48
[-5,-2,1]	 0.67571	    0.00	  48
[-5,-1,-2]	 0.67571	    0.00	  48
[-5,-1,2]	 0.67571	    0.00	  48
[-5,1,-2]	 0.67571	    0.00	  48
[-5,1,2]	 0.67571	    0.00	  48
[-5,2,-1]	 0.67571	    0.00	  48
[-5,2,1]	 0.67571	    0.00	  48
[-2,-1,5]	 0.67571	    0.00	  48
[-2,1,5]	 0.67571	    0.00	  48
[-2,5,-1]	 0.67571	    0.00	  48
[-2,5,1]	 0.67571	    0.00	  48
[-1,-5,2]	 0.67571	    0.00	  48
[-1,-2,5]	 0.67571	    0.00	  48
[-1,2,-5]	 0.67571	    0.00	  48
[-1,2,5]	 0.67571	    0.00	  48
[-1,5,-2]	 0.67571	    0.00	  48
[-1,5,2]	 0.67571	    0.00	  48
[1,-5,-2]	 0.67571	    0.00	  48
[1,-5,2]	 0.67571	    0.00	  48
[1,-2,-5]	 0.67571	    0.00	  48
[1,-2,5]	 0.67571	    0.00	  48
[1,2,-5]	 0.67571	    0.00	  48
[1,5,-2]	 0.67571	    0.00	  48
[2,-5,-1]	 0.67571	    0.00	  48
[2,-5,1]	 0.67571	    0.00	  48
[2,-1,-5]	 0.67571	    0.00	  48
[2,1,-5]	 0.67571	    0.00	  48
[5,-2,-1]	 0.67571	    0.00	  48
[5,-2,1]	 0.67571	    0.00	  48
[5,-1,-2]	 0.67571	    0.00	  48
[5,-1,2]	 0.67571	    0.00	  48
[5,1,-2]	 0.67571	    0.00	  48
[5,1,2] 	 0.67571	    0.00	  48
[5,2,-1]	 0.67571	    0.00	  48
[5,2,1] 	 0.67571	    0.00	  48
[-4,-4,0]	 0.65425	    0.13	  12
[-4,0,-4]	 0.65425	    0.13	  12
[0,-4,-4]	 0.65425	    0.13	  12
[0,-4,4]	 0.65425	    0.13	  12
[0,4,-4]	 0.65425	    0.13	  12
[0,4,4] 	 0.65425	    0.13	  12
[4,0,4] 	 0.65425	    0.13	  12
[4,4,0] 	 0.65425	    0.13	  12
[-4,0,4]	 0.65425	    0.13	  12
[-4,4,0]	 0.65425	    0.13	  12
[4,-4,0]	 0.65425	    0.13	  12
[4,0,-4]	 0.65425	    0.13	  12
[-4,-4,-1]	 0.64426	    0.00	  24
[-4,-4,1]	 0.64426	    0.00	  24
[-4,-1,-4]	 0.64426	    0.00	  24
[-4,1,-4]	 0.64426	    0.00	  24
[-2,-5,-2]	 0.64426	    0.00	  24
[-2,-5,2]	 0.64426	    0.00	  24
[-2,-2,-5]	 0.64426	    0.00	  24
[2,2,5] 	 0.64426	    0.00	  24
[2,5,-2]	 0.64426	    0.00	  24
[2,5,2] 	 0.64426	    0.00	  24
[4,-1,4]	 0.64426	    0.00	  24
[4,1,4] 	 0.64426	    0.00	  24
[4,4,-1]	 0.64426	    0.00	  24
[4,4,1] 	 0.64426	    0.00	  24
[-5,-2,-2]	 0.64426	    0.00	  24
[-5,-2,2]	 0.64426	    0.00	  24
[-5,2,-2]	 0.64426	    0.00	  24
[-5,2,2]	 0.64426	    0.00	  24
[-2,-2,5]	 0.64426	    0.00	  24
[-2,2,-5]	 0.64426	    0.00	  24
[-2,2,5]	 0.64426	    0.00	  24
[-2,5,-2]	 0.64426	    0.00	  24
[-2,5,2]	 0.64426	    0.00	  24
[-1,-4,-4]	 0.64426	    0.00	  24
[-1,-4,4]	 0.64426	    0.00	  24
[-1,4,-4]	 0.64426	    0.00	  24
[-1,4,4]	 0.64426	    0.00	  24
[1,-4,-4]	 0.64426	    0.00	  24
[1,-4,4]	 0.64426	    0.00	  24
[1,4,-4]	 0.64426	    0.00	  24
[1,4,4] 	 0.64426	    0.00	  24
[2,-5,-2]	 0.64426	    0.00	  24
[2,-5,2]	 0.64426	    0.00	  24
[2,-2,-5]	 0.64426	    0.00	  24
[2,-2,5]	 0.64426	    0.00	  24
[2,2,-5]	 0.64426	    0.00	  24
[5,-2,-2]	 0.64426	    0.00	  24
[5,-2,2]	 0.64426	    0.00	  24
[5,2,-2]	 0.64426	    0.00	  24
[5,2,2] 	 0.64426	    0.00	  24
[-4,-1,4]	 0.64426	    0.00	  24
[-4,1,4]	 0.64426	    0.00	  24
[-4,4,-1]	 0.64426	    0.00	  24
[-4,4,1]	 0.64426	    0.00	  24
[4,-4,-1]	 0.64426	    0.00	  24
[4,-4,1]	 0.64426	    0.00	  24
[4,-1,-4]	 0.64426	    0.00	  24
[4,1,-4]	 0.64426	    0.00	  24
[-5,-3,0]	 0.63472	    0.00	  24
[-5,0,-3]	 0.63472	    0.00	  24
[-4,-3,-3]	 0.63472	    0.00	  24
[-3,-5,0]	 0.63472	    0.00	  24
[-3,-4,-3]	 0.63472	    0.00	  24
[-3,-4,3]	 0.63472	    0.00	  24
[-3,-3,-4]	 0.63472	    0.00	  24
[-3,0,-5]	 0.63472	    0.00	  24
[0,-3,-5]	 0.63472	    0.00	  24
[0,3,5] 	 0.63472	    0.00	  24
[3,0,5] 	 0.63472	    0.00	  24
[3,3,4] 	 0.63472	    0.00	  24
[3,4,-3]	 0.63472	    0.00	  24
[3,4,3] 	 0.63472	    0.00	  24
[3,5,0] 	 0.63472	    0.00	  24
[4,3,3] 	 0.63472	    0.00	  24
[5,0,3] 	 0.63472	    0.00	  24
[5,3,0] 	 0.63472	    0.00	  24
[-5,0,3]	 0.63472	    0.00	  24
[-5,3,0]	 0.63472	    0.00	  24
[-4,-3,3]	 0.63472	    0.00	  24
[-4,3,-3]	 0.63472	    0.00	  24
[-3,-3,4]	 0.63472	    0.00	  24
[-3,0,5]	 0.63472	    0.00	  24
[-3,3,-4]	 0.63472	    0.00	  24
[-3,3,4]	 0.63472	    0.00	  24
[-3,4,-3]	 0.63472	    0.00	  24
[-3,4,3]	 0.63472	    0.00	  24
[-3,5,0]	 0.63472	    0.00	  24
[0,-5,-3]	 0.63472	    0.00	  24
[0,-5,3]	 0.63472	    0.00	  24
[0,-3,5]	 0.63472	    0.00	  24
[0,3,-5]	 0.63472	    0.00	  24
[0,5,-3]	 0.63472	    0.00	  24
[0,5,3] 	 0.63472	    0.00	  24
[3,-5,0]	 0.63472	    0.00	  24
[3,-4,-3]	 0.63472	    0.00	  24
[3,-4,3]	 0.63472	    0.00	  24
[3,-3,-4]	 0.63472	    0.00	  24
[3,-3,4]	 0.63472	    0.00	  24
[3,0,-5]	 0.63472	    0.00	  24
[3,3,-4]	 0.63472	    0.00	  24
[4,-3,3]	 0.63472	    0.00	  24
[4,3,-3]	 0.63472	    0.00	  24
[5,-3,0]	 0.63472	    0.00	  24
[5,0,-3]	 0.63472	    0.00	  24
[-4,3,3]	 0.63472	    0.00	  24
[4,-3,-3]	 0.63472	    0.00	  24
[-5,-3,-1]	 0.62558	    0.05	  48
[-5,-3,1]	 0.62558	    0.05	  48
[-5,-1,-3]	 0.62558	    0.05	  48
[-5,1,-3]	 0.62558	    0.05	  48
[-3,-5,-1]	 0.62558	    0.05	  48
[-3,-5,1]	 0.62558	    0.05	  48
[-3,-1,-5]	 0.62558	    0.05	  48
[-3,1,-5]	 0.62558	    0.05	  48
[-1,-5,-3]	 0.62558	    0.05	  48
[-1,-3,-5]	 0.62558	    0.05	  48
[1,3,5] 	 0.62558	    0.05	  48
[1,5,3] 	 0.62558	    0.05	  48
[3,-1,5]	 0.62558	    0.05	  48
[3,1,5] 	 0.62558	    0.05	  48
[3,5,-1]	 0.62558	    0.05	  48
[3,5,1] 	 0.62558	    0.05	  48
[5,-1,3]	 0.62558	    0.05	  48
[5,1,3] 	 0.62558	    0.05	  48
[5,3,-1]	 0.62558	    0.05	  48
[5,3,1] 	 0.62558	    0.05	  48
[-3,-1,5]	 0.62558	    0.05	  48
[-3,1,5]	 0.62558	    0.05	  48
[-1,-5,3]	 0.62558	    0.05	  48
[-1,-3,5]	 0.62558	    0.05	  48
[-1,3,-5]	 0.62558	    0.05	  48
[-1,3,5]	 0.62558	    0.05	  48
[-1,5,-3]	 0.62558	    0.05	  48
[-1,5,3]	 0.62558	    0.05	  48
[1,-5,-3]	 0.62558	    0.05	  48
[1,-5,3]	 0.62558	    0.05	  48
[1,-3,-5]	 0.62558	    0.05	  48
[1,-3,5]	 0.62558	    0.05	  48
[1,3,-5]	 0.62558	    0.05	  48
[1,5,-3]	 0.62558	    0.05	  48
[3,-1,-5]	 0.62558	    0.05	  48
[3,1,-5]	 0.62558	    0.05	  48
[-5,-1,3]	 0.62558	    0.05	  48
[-5,1,3]	 0.62558	    0.05	  48
[-5,3,-1]	 0.62558	    0.05	  48
[-5,3,1]	 0.62558	    0.05	  48
[-3,5,-1]	 0.62558	    0.05	  48
[-3,5,1]	 0.62558	    0.05	  48
[3,-5,-1]	 0.62558	    0.05	  48
[3,-5,1]	 0.62558	    0.05	  48
[5,-3,-1]	 0.62558	    0.05	  48
[5,-3,1]	 0.62558	    0.05	  48
[5,-1,-3]	 0.62558	    0.05	  48
[5,1,-3]	 0.62558	    0.05	  48
[-6,0,0]	 0.61683	    0.04	   6
[-4,-4,-2]	 0.61683	    0.04	  24
[-4,-4,2]	 0.61683	    0.04	  24
[-4,-2,-4]	 0.61683	    0.04	  24
[-4,2,-4]	 0.61683	    0.04	  24
[-2,-4,-4]	 0.61683	    0.04	  24
[-2,-4,4]	 0.61683	    0.04	  24
[-2,4,-4]	 0.61683	    0.04	  24
[0,-6,0]	 0.61683	    0.04	   6
[0,0,-6]	 0.61683	    0.04	   6
[0,0,6] 	 0.61683	    0.04	   6
[0,6,0] 	 0.61683	    0.04	   6
[2,-4,4]	 0.61683	    0.04	  24
[2,4,-4]	 0.61683	    0.04	  24
[2,4,4] 	 0.61683	    0.04	  24
[4,-2,4]	 0.61683	    0.04	  24
[4,2,4] 	 0.61683	    0.04	  24
[4,4,-2]	 0.61683	    0.04	  24
[4,4,2] 	 0.61683	    0.04	  24
[6,0,0] 	 0.61683	    0.04	   6
[-4,-2,4]	 0.61683	    0.04	  24
[-4,2,4]	 0.61683	    0.04	  24
[-4,4,-2]	 0.61683	    0.04	  24
[-4,4,2]	 0.61683	    0.04	  24
[-2,4,4]	 0.61683	    0.04	  24
[2,-4,-4]	 0.61683	    0.04	  24
[4,-4,-2]	 0.61683	    0.04	  24
[4,-4,2]	 0.61683	    0.04	  24
[4,-2,-4]	 0.61683	    0.04	  24
[4,2,-4]	 0.61683	    0.04	  24
[-6,-1,0]	 0.60844	    0.00	  24
[-6,0,-1]	 0.60844	    0.00	  24
[-6,0,1]	 0.60844	    0.00	  24
[-6,1,0]	 0.60844	    0.00	  24
[-1,-6,0]	 0.60844	    0.00	  24
[-1,0,-6]	 0.60844	    0.00	  24
[-1,0,6]	 0.60844	    0.00	  24
[-1,6,0]	 0.60844	    0.00	  24
[0,-6,-1]	 0.60844	    0.00	  24
[0,-6,1]	 0.60844	    0.00	  24
[0,-1,-6]	 0.60844	    0.00	  24
[0,-1,6]	 0.60844	    0.00	  24
[0,1,-6]	 0.60844	    0.00	  24
[0,1,6] 	 0.60844	    0.00	  24
[0,6,-1]	 0.60844	    0.00	  24
[0,6,1] 	 0.60844	    0.00	  24
[1,-6,0]	 0.60844	    0.00	  24
[1,0,-6]	 0.60844	    0.00	  24
[1,0,6] 	 0.60844	    0.00	  24
[1,6,0] 	 0.60844	    0.00	  24
[6,-1,0]	 0.60844	    0.00	  24
[6,0,-1]	 0.60844	    0.00	  24
[6,0,1] 	 0.60844	    0.00	  24
[6,1,0] 	 0.60844	    0.00	  24
[-5,-3,-2]	 0.60038	    0.00	  48
[-5,-3,2]	 0.60038	    0.00	  48
[-5,-2,-3]	 0.60038	    0.00	  48
[-5,2,-3]	 0.60038	    0.00	  48
[-3,-5,-2]	 0.60038	    0.00	  48
[-3,-5,2]	 0.60038	    0.00	  48
[-3,-2,-5]	 0.60038	    0.00	  48
[-3,2,-5]	 0.60038	    0.00	  48
[-2,-5,-3]	 0.60038	    0.00	  48
[-2,-5,3]	 0.60038	    0.00	  48
[-2,-3,-5]	 0.60038	    0.00	  48
[-1,-1,-6]	 0.60038	    0.00	  24
[1,1,6] 	 0.60038	    0.00	  24
[2,3,5] 	 0.60038	    0.00	  48
[2,5,-3]	 0.60038	    0.00	  48
[2,5,3] 	 0.60038	    0.00	  48
[3,-2,5]	 0.60038	    0.00	  48
[3,2,5] 	 0.60038	    0.00	  48
[3,5,-2]	 0.60038	    0.00	  48
[3,5,2] 	 0.60038	    0.00	  48
[5,-2,3]	 0.60038	    0.00	  48
[5,2,3] 	 0.60038	    0.00	  48
[5,3,-2]	 0.60038	    0.00	  48
[5,3,2] 	 0.60038	    0.00	  48
[-6,-1,-1]	 0.60038	    0.00	  24
[-6,-1,1]	 0.60038	    0.00	  24
[-6,1,-1]	 0.60038	    0.00	  24
[-6,1,1]	 0.60038	    0.00	  24
[-3,5,-2]	 0.60038	    0.00	  48
[-2,3,-5]	 0.60038	    0.00	  48
[-2,3,5]	 0.60038	    0.00	  48
[-2,5,-3]	 0.60038	    0.00	  48
[-2,5,3]	 0.60038	    0.00	  48
[-1,-6,-1]	 0.60038	    0.00	  24
[-1,-6,1]	 0.60038	    0.00	  24
[-1,1,-6]	 0.60038	    0.00	  24
[-1,1,6]	 0.60038	    0.00	  24
[-1,6,-1]	 0.60038	    0.00	  24
[-1,6,1]	 0.60038	    0.00	  24
[1,-6,-1]	 0.60038	    0.00	  24
[1,-6,1]	 0.60038	    0.00	  24
[1,-1,-6]	 0.60038	    0.00	  24
[1,-1,6]	 0.60038	    0.00	  24
[1,6,-1]	 0.60038	    0.00	  24
[1,6,1] 	 0.60038	    0.00	  24
[2,-5,-3]	 0.60038	    0.00	  48
[2,-5,3]	 0.60038	    0.00	  48
[2,-3,-5]	 0.60038	    0.00	  48
[2,-3,5]	 0.60038	    0.00	  48
[3,-5,2]	 0.60038	    0.00	  48
[6,-1,-1]	 0.60038	    0.00	  24
[6,-1,1]	 0.60038	    0.00	  24
[6,1,-1]	 0.60038	    0.00	  24
[6,1,1] 	 0.60038	    0.00	  24
[-5,-2,3]	 0.60038	    0.00	  48
[-5,2,3]	 0.60038	    0.00	  48
[-5,3,-2]	 0.60038	    0.00	  48
[-5,3,2]	 0.60038	    0.00	  48
[-3,-2,5]	 0.60038	    0.00	  48
[-3,2,5]	 0.60038	    0.00	  48
[-3,5,2]	 0.60038	    0.00	  48
[-2,-3,5]	 0.60038	    0.00	  48
[-1,-1,6]	 0.60038	    0.00	  24
[1,1,-6]	 0.60038	    0.00	  24
[2,3,-5]	 0.60038	    0.00	  48
[3,-5,-2]	 0.60038	    0.00	  48
[3,-2,-5]	 0.60038	    0.00	  48
[3,2,-5]	 0.60038	    0.00	  48
[5,-3,-2]	 0.60038	    0.00	  48
[5,-3,2]	 0.60038	    0.00	  48
[5,-2,-3]	 0.60038	    0.00	  48
[5,2,-3]	 0.60038	    0.00	  48
