HKL	          d	    F^2	  M	
[-1,-1,-1]	 3.35267	  178.04	   8
[-1,-1,1]	 3.35267	  178.04	   8
[-1,1,-1]	 3.35267	  178.04	   8
[1,-1,1]	 3.35267	  178.04	   8
[1,1,-1]	 3.35267	  178.04	   8
[1,1,1] 	 3.35267	  178.04	   8
[-1,1,1]	 3.35267	  178.04	   8
[1,-1,-1]	 3.35267	  178.04	   8
[-2,0,0]	 2.90350	    1.10	   6
[0,-2,0]	 2.90350	    1.10	   6
[0,0,-2]	 2.90350	    1.10	   6
[0,0,2] 	 2.90350	    1.10	   6
[0,2,0] 	 2.90350	    1.10	   6
[2,0,0] 	 2.90350	    1.10	   6
[-2,-2,0]	 2.05308	10687.88	  12
[-2,0,-2]	 2.05308	10687.88	  12
[0,-2,-2]	 2.05308	10687.88	  12
[0,-2,2]	 2.05308	10687.88	  12
[0,2,-2]	 2.05308	10687.88	  12
[0,2,2] 	 2.05308	10687.88	  12
[2,0,2] 	 2.05308	10687.88	  12
[2,2,0] 	 2.05308	10687.88	  12
[-2,0,2]	 2.05308	10687.88	  12
[-2,2,0]	 2.05308	10687.88	  12
[2,-2,0]	 2.05308	10687.88	  12
[2,0,-2]	 2.05308	10687.88	  12
[-1,-3,-1]	 1.75088	  505.72	  24
[-1,-3,1]	 1.75088	  505.72	  24
[-1,-1,-3]	 1.75088	  505.72	  24
[-1,1,-3]	 1.75088	  505.72	  24
[1,-1,3]	 1.75088	  505.72	  24
[1,1,3] 	 1.75088	  505.72	  24
[1,3,-1]	 1.75088	  505.72	  24
[1,3,1] 	 1.75088	  505.72	  24
[-3,-1,-1]	 1.75088	  505.72	  24
[-3,-1,1]	 1.75088	  505.72	  24
[-3,1,-1]	 1.75088	  505.72	  24
[-3,1,1]	 1.75088	  505.72	  24
[-1,-1,3]	 1.75088	  505.72	  24
[-1,1,3]	 1.75088	  505.72	  24
[-1,3,-1]	 1.75088	  505.72	  24
[-1,3,1]	 1.75088	  505.72	  24
[1,-3,-1]	 1.75088	  505.72	  24
[1,-3,1]	 1.75088	  505.72	  24
[1,-1,-3]	 1.75088	  505.72	  24
[1,1,-3]	 1.75088	  505.72	  24
[3,-1,-1]	 1.75088	  505.72	  24
[3,-1,1]	 1.75088	  505.72	  24
[3,1,-1]	 1.75088	  505.72	  24
[3,1,1] 	 1.75088	  505.72	  24
[-2,-2,-2]	 1.67634	  218.77	   8
[-2,-2,2]	 1.67634	  218.77	   8
[-2,2,-2]	 1.67634	  218.77	   8
[2,-2,2]	 1.67634	  218.77	   8
[2,2,-2]	 1.67634	  218.77	   8
[2,2,2] 	 1.67634	  218.77	   8
[-2,2,2]	 1.67634	  218.77	   8
[2,-2,-2]	 1.67634	  218.77	   8
[-4,0,0]	 1.45175	 6218.76	   6
[0,-4,0]	 1.45175	 6218.76	   6
[0,0,-4]	 1.45175	 6218.76	   6
[0,0,4] 	 1.45175	 6218.76	   6
[0,4,0] 	 1.45175	 6218.76	   6
[4,0,0] 	 1.45175	 6218.76	   6
[-3,-3,-1]	 1.33222	  796.01	  24
[-3,-3,1]	 1.33222	  796.01	  24
[-3,-1,-3]	 1.33222	  796.01	  24
[-3,1,-3]	 1.33222	  796.01	  24
[-1,-3,-3]	 1.33222	  796.01	  24
[1,3,3] 	 1.33222	  796.01	  24
[3,-1,3]	 1.33222	  796.01	  24
[3,1,3] 	 1.33222	  796.01	  24
[3,3,-1]	 1.33222	  796.01	  24
[3,3,1] 	 1.33222	  796.01	  24
[-1,-3,3]	 1.33222	  796.01	  24
[-1,3,-3]	 1.33222	  796.01	  24
[1,-3,3]	 1.33222	  796.01	  24
[1,3,-3]	 1.33222	  796.01	  24
[-3,-1,3]	 1.33222	  796.01	  24
[-3,1,3]	 1.33222	  796.01	  24
[-3,3,-1]	 1.33222	  796.01	  24
[-3,3,1]	 1.33222	  796.01	  24
[-1,3,3]	 1.33222	  796.01	  24
[1,-3,-3]	 1.33222	  796.01	  24
[3,-3,-1]	 1.33222	  796.01	  24
[3,-3,1]	 1.33222	  796.01	  24
[3,-1,-3]	 1.33222	  796.01	  24
[3,1,-3]	 1.33222	  796.01	  24
[-4,-2,0]	 1.29848	  547.31	  24
[-4,0,-2]	 1.29848	  547.31	  24
[-4,0,2]	 1.29848	  547.31	  24
[-4,2,0]	 1.29848	  547.31	  24
[-2,-4,0]	 1.29848	  547.31	  24
[-2,0,-4]	 1.29848	  547.31	  24
[0,-4,-2]	 1.29848	  547.31	  24
[0,-4,2]	 1.29848	  547.31	  24
[0,-2,-4]	 1.29848	  547.31	  24
[0,-2,4]	 1.29848	  547.31	  24
[0,2,-4]	 1.29848	  547.31	  24
[0,2,4] 	 1.29848	  547.31	  24
[0,4,-2]	 1.29848	  547.31	  24
[0,4,2] 	 1.29848	  547.31	  24
[2,0,4] 	 1.29848	  547.31	  24
[2,4,0] 	 1.29848	  547.31	  24
[4,-2,0]	 1.29848	  547.31	  24
[4,0,-2]	 1.29848	  547.31	  24
[4,0,2] 	 1.29848	  547.31	  24
[4,2,0] 	 1.29848	  547.31	  24
[-2,0,4]	 1.29848	  547.31	  24
[-2,4,0]	 1.29848	  547.31	  24
[2,-4,0]	 1.29848	  547.31	  24
[2,0,-4]	 1.29848	  547.31	  24
[-2,-4,-2]	 1.18535	 4033.00	  24
[-2,-2,-4]	 1.18535	 4033.00	  24
[2,2,4] 	 1.18535	 4033.00	  24
[2,4,2] 	 1.18535	 4033.00	  24
[-4,-2,-2]	 1.18535	 4033.00	  24
[-4,-2,2]	 1.18535	 4033.00	  24
[-4,2,-2]	 1.18535	 4033.00	  24
[-4,2,2]	 1.18535	 4033.00	  24
[-2,-4,2]	 1.18535	 4033.00	  24
[-2,-2,4]	 1.18535	 4033.00	  24
[-2,2,-4]	 1.18535	 4033.00	  24
[-2,2,4]	 1.18535	 4033.00	  24
[-2,4,-2]	 1.18535	 4033.00	  24
[-2,4,2]	 1.18535	 4033.00	  24
[2,-4,-2]	 1.18535	 4033.00	  24
[2,-4,2]	 1.18535	 4033.00	  24
[2,-2,-4]	 1.18535	 4033.00	  24
[2,-2,4]	 1.18535	 4033.00	  24
[2,2,-4]	 1.18535	 4033.00	  24
[2,4,-2]	 1.18535	 4033.00	  24
[4,-2,-2]	 1.18535	 4033.00	  24
[4,-2,2]	 1.18535	 4033.00	  24
[4,2,-2]	 1.18535	 4033.00	  24
[4,2,2] 	 1.18535	 4033.00	  24
[-5,-1,-1]	 1.11756	 1011.13	  24
[-5,-1,1]	 1.11756	 1011.13	  24
[-5,1,-1]	 1.11756	 1011.13	  24
[-5,1,1]	 1.11756	 1011.13	  24
[-3,-3,-3]	 1.11756	 1011.13	   8
[-3,-3,3]	 1.11756	 1011.13	   8
[-3,3,-3]	 1.11756	 1011.13	   8
[-1,-5,-1]	 1.11756	 1011.13	  24
[-1,-5,1]	 1.11756	 1011.13	  24
[-1,-1,-5]	 1.11756	 1011.13	  24
[-1,-1,5]	 1.11756	 1011.13	  24
[-1,1,-5]	 1.11756	 1011.13	  24
[-1,1,5]	 1.11756	 1011.13	  24
[-1,5,-1]	 1.11756	 1011.13	  24
[-1,5,1]	 1.11756	 1011.13	  24
[1,-5,-1]	 1.11756	 1011.13	  24
[1,-5,1]	 1.11756	 1011.13	  24
[1,-1,-5]	 1.11756	 1011.13	  24
[1,-1,5]	 1.11756	 1011.13	  24
[1,1,-5]	 1.11756	 1011.13	  24
[1,1,5] 	 1.11756	 1011.13	  24
[1,5,-1]	 1.11756	 1011.13	  24
[1,5,1] 	 1.11756	 1011.13	  24
[3,-3,3]	 1.11756	 1011.13	   8
[3,3,-3]	 1.11756	 1011.13	   8
[3,3,3] 	 1.11756	 1011.13	   8
[5,-1,-1]	 1.11756	 1011.13	  24
[5,-1,1]	 1.11756	 1011.13	  24
[5,1,-1]	 1.11756	 1011.13	  24
[5,1,1] 	 1.11756	 1011.13	  24
[-3,3,3]	 1.11756	 1011.13	   8
[3,-3,-3]	 1.11756	 1011.13	   8
[-4,-4,0]	 1.02654	 2904.54	  12
[-4,0,-4]	 1.02654	 2904.54	  12
[0,-4,-4]	 1.02654	 2904.54	  12
[0,-4,4]	 1.02654	 2904.54	  12
[0,4,-4]	 1.02654	 2904.54	  12
[0,4,4] 	 1.02654	 2904.54	  12
[4,0,4] 	 1.02654	 2904.54	  12
[4,4,0] 	 1.02654	 2904.54	  12
[-4,0,4]	 1.02654	 2904.54	  12
[-4,4,0]	 1.02654	 2904.54	  12
[4,-4,0]	 1.02654	 2904.54	  12
[4,0,-4]	 1.02654	 2904.54	  12
[-5,-3,-1]	 0.98156	 1158.89	  48
[-5,-3,1]	 0.98156	 1158.89	  48
[-5,-1,-3]	 0.98156	 1158.89	  48
[-5,1,-3]	 0.98156	 1158.89	  48
[-3,-5,-1]	 0.98156	 1158.89	  48
[-3,-5,1]	 0.98156	 1158.89	  48
[3,5,-1]	 0.98156	 1158.89	  48
[3,5,1] 	 0.98156	 1158.89	  48
[5,-1,3]	 0.98156	 1158.89	  48
[5,1,3] 	 0.98156	 1158.89	  48
[5,3,-1]	 0.98156	 1158.89	  48
[5,3,1] 	 0.98156	 1158.89	  48
[-5,-1,3]	 0.98156	 1158.89	  48
[-5,1,3]	 0.98156	 1158.89	  48
[-5,3,-1]	 0.98156	 1158.89	  48
[-5,3,1]	 0.98156	 1158.89	  48
[-3,-1,-5]	 0.98156	 1158.89	  48
[-3,-1,5]	 0.98156	 1158.89	  48
[-3,1,-5]	 0.98156	 1158.89	  48
[-3,1,5]	 0.98156	 1158.89	  48
[-3,5,-1]	 0.98156	 1158.89	  48
[-3,5,1]	 0.98156	 1158.89	  48
[-1,-5,-3]	 0.98156	 1158.89	  48
[-1,-5,3]	 0.98156	 1158.89	  48
[-1,-3,-5]	 0.98156	 1158.89	  48
[-1,-3,5]	 0.98156	 1158.89	  48
[-1,3,-5]	 0.98156	 1158.89	  48
[-1,3,5]	 0.98156	 1158.89	  48
[-1,5,-3]	 0.98156	 1158.89	  48
[-1,5,3]	 0.98156	 1158.89	  48
[1,-5,-3]	 0.98156	 1158.89	  48
[1,-5,3]	 0.98156	 1158.89	  48
[1,-3,-5]	 0.98156	 1158.89	  48
[1,-3,5]	 0.98156	 1158.89	  48
[1,3,-5]	 0.98156	 1158.89	  48
[1,3,5] 	 0.98156	 1158.89	  48
[1,5,-3]	 0.98156	 1158.89	  48
[1,5,3] 	 0.98156	 1158.89	  48
[3,-5,-1]	 0.98156	 1158.89	  48
[3,-5,1]	 0.98156	 1158.89	  48
[3,-1,-5]	 0.98156	 1158.89	  48
[3,-1,5]	 0.98156	 1158.89	  48
[3,1,-5]	 0.98156	 1158.89	  48
[3,1,5] 	 0.98156	 1158.89	  48
[5,-3,-1]	 0.98156	 1158.89	  48
[5,-3,1]	 0.98156	 1158.89	  48
[5,-1,-3]	 0.98156	 1158.89	  48
[5,1,-3]	 0.98156	 1158.89	  48
[-4,-4,-2]	 0.96783	 1033.85	  24
[-4,-4,2]	 0.96783	 1033.85	  24
[-4,-2,-4]	 0.96783	 1033.85	  24
[-4,2,-4]	 0.96783	 1033.85	  24
[-2,-4,-4]	 0.96783	 1033.85	  24
[2,4,4] 	 0.96783	 1033.85	  24
[4,-2,4]	 0.96783	 1033.85	  24
[4,2,4] 	 0.96783	 1033.85	  24
[4,4,-2]	 0.96783	 1033.85	  24
[4,4,2] 	 0.96783	 1033.85	  24
[-6,0,0]	 0.96783	 1033.85	   6
[-4,-2,4]	 0.96783	 1033.85	  24
[-4,2,4]	 0.96783	 1033.85	  24
[-4,4,-2]	 0.96783	 1033.85	  24
[-4,4,2]	 0.96783	 1033.85	  24
[-2,-4,4]	 0.96783	 1033.85	  24
[-2,4,-4]	 0.96783	 1033.85	  24
[-2,4,4]	 0.96783	 1033.85	  24
[0,-6,0]	 0.96783	 1033.85	   6
[0,0,-6]	 0.96783	 1033.85	   6
[0,0,6] 	 0.96783	 1033.85	   6
[0,6,0] 	 0.96783	 1033.85	   6
[2,-4,-4]	 0.96783	 1033.85	  24
[2,-4,4]	 0.96783	 1033.85	  24
[2,4,-4]	 0.96783	 1033.85	  24
[4,-4,-2]	 0.96783	 1033.85	  24
[4,-4,2]	 0.96783	 1033.85	  24
[4,-2,-4]	 0.96783	 1033.85	  24
[4,2,-4]	 0.96783	 1033.85	  24
[6,0,0] 	 0.96783	 1033.85	   6
[-2,-6,0]	 0.91817	 2292.09	  24
[-2,0,-6]	 0.91817	 2292.09	  24
[0,-2,-6]	 0.91817	 2292.09	  24
[0,2,6] 	 0.91817	 2292.09	  24
[2,0,6] 	 0.91817	 2292.09	  24
[2,6,0] 	 0.91817	 2292.09	  24
[-6,-2,0]	 0.91817	 2292.09	  24
[-6,0,-2]	 0.91817	 2292.09	  24
[-6,0,2]	 0.91817	 2292.09	  24
[-6,2,0]	 0.91817	 2292.09	  24
[-2,0,6]	 0.91817	 2292.09	  24
[-2,6,0]	 0.91817	 2292.09	  24
[0,-6,-2]	 0.91817	 2292.09	  24
[0,-6,2]	 0.91817	 2292.09	  24
[0,-2,6]	 0.91817	 2292.09	  24
[0,2,-6]	 0.91817	 2292.09	  24
[0,6,-2]	 0.91817	 2292.09	  24
[0,6,2] 	 0.91817	 2292.09	  24
[2,-6,0]	 0.91817	 2292.09	  24
[2,0,-6]	 0.91817	 2292.09	  24
[6,-2,0]	 0.91817	 2292.09	  24
[6,0,-2]	 0.91817	 2292.09	  24
[6,0,2] 	 0.91817	 2292.09	  24
[6,2,0] 	 0.91817	 2292.09	  24
[-5,-3,-3]	 0.88556	 1256.53	  24
[5,3,3] 	 0.88556	 1256.53	  24
[-5,-3,3]	 0.88556	 1256.53	  24
[-5,3,-3]	 0.88556	 1256.53	  24
[-3,-5,-3]	 0.88556	 1256.53	  24
[-3,-5,3]	 0.88556	 1256.53	  24
[-3,-3,-5]	 0.88556	 1256.53	  24
[-3,-3,5]	 0.88556	 1256.53	  24
[-3,3,-5]	 0.88556	 1256.53	  24
[-3,5,-3]	 0.88556	 1256.53	  24
[3,-5,3]	 0.88556	 1256.53	  24
[3,-3,5]	 0.88556	 1256.53	  24
[3,3,-5]	 0.88556	 1256.53	  24
[3,3,5] 	 0.88556	 1256.53	  24
[3,5,-3]	 0.88556	 1256.53	  24
[3,5,3] 	 0.88556	 1256.53	  24
[5,-3,3]	 0.88556	 1256.53	  24
[5,3,-3]	 0.88556	 1256.53	  24
[-5,3,3]	 0.88556	 1256.53	  24
[-3,3,5]	 0.88556	 1256.53	  24
[-3,5,3]	 0.88556	 1256.53	  24
[3,-5,-3]	 0.88556	 1256.53	  24
[3,-3,-5]	 0.88556	 1256.53	  24
[5,-3,-3]	 0.88556	 1256.53	  24
[-2,-6,-2]	 0.87544	 1174.09	  24
[-2,-6,2]	 0.87544	 1174.09	  24
[-2,-2,-6]	 0.87544	 1174.09	  24
[-2,2,-6]	 0.87544	 1174.09	  24
[2,-2,6]	 0.87544	 1174.09	  24
[2,2,6] 	 0.87544	 1174.09	  24
[2,6,-2]	 0.87544	 1174.09	  24
[2,6,2] 	 0.87544	 1174.09	  24
[-6,-2,-2]	 0.87544	 1174.09	  24
[-6,-2,2]	 0.87544	 1174.09	  24
[-6,2,-2]	 0.87544	 1174.09	  24
[-6,2,2]	 0.87544	 1174.09	  24
[-2,-2,6]	 0.87544	 1174.09	  24
[-2,2,6]	 0.87544	 1174.09	  24
[-2,6,-2]	 0.87544	 1174.09	  24
[-2,6,2]	 0.87544	 1174.09	  24
[2,-6,-2]	 0.87544	 1174.09	  24
[2,-6,2]	 0.87544	 1174.09	  24
[2,-2,-6]	 0.87544	 1174.09	  24
[2,2,-6]	 0.87544	 1174.09	  24
[6,-2,-2]	 0.87544	 1174.09	  24
[6,-2,2]	 0.87544	 1174.09	  24
[6,2,-2]	 0.87544	 1174.09	  24
[6,2,2] 	 0.87544	 1174.09	  24
[-4,-4,-4]	 0.83817	 1945.53	   8
[-4,-4,4]	 0.83817	 1945.53	   8
[-4,4,-4]	 0.83817	 1945.53	   8
[4,-4,4]	 0.83817	 1945.53	   8
[4,4,-4]	 0.83817	 1945.53	   8
[4,4,4] 	 0.83817	 1945.53	   8
[-4,4,4]	 0.83817	 1945.53	   8
[4,-4,-4]	 0.83817	 1945.53	   8
[-7,-1,-1]	 0.81314	 1319.67	  24
[-7,-1,1]	 0.81314	 1319.67	  24
[-7,1,-1]	 0.81314	 1319.67	  24
[-7,1,1]	 0.81314	 1319.67	  24
[-5,-5,-1]	 0.81314	 1319.67	  24
[-5,-5,1]	 0.81314	 1319.67	  24
[-5,-1,-5]	 0.81314	 1319.67	  24
[-5,1,-5]	 0.81314	 1319.67	  24
[-1,-7,-1]	 0.81314	 1319.67	  24
[-1,-7,1]	 0.81314	 1319.67	  24
[-1,-5,-5]	 0.81314	 1319.67	  24
[-1,-1,-7]	 0.81314	 1319.67	  24
[-1,-1,7]	 0.81314	 1319.67	  24
[-1,1,-7]	 0.81314	 1319.67	  24
[-1,1,7]	 0.81314	 1319.67	  24
[-1,7,-1]	 0.81314	 1319.67	  24
[-1,7,1]	 0.81314	 1319.67	  24
[1,-7,-1]	 0.81314	 1319.67	  24
[1,-7,1]	 0.81314	 1319.67	  24
[1,-1,-7]	 0.81314	 1319.67	  24
[1,-1,7]	 0.81314	 1319.67	  24
[1,1,-7]	 0.81314	 1319.67	  24
[1,1,7] 	 0.81314	 1319.67	  24
[1,5,5] 	 0.81314	 1319.67	  24
[1,7,-1]	 0.81314	 1319.67	  24
[1,7,1] 	 0.81314	 1319.67	  24
[5,-1,5]	 0.81314	 1319.67	  24
[5,1,5] 	 0.81314	 1319.67	  24
[5,5,-1]	 0.81314	 1319.67	  24
[5,5,1] 	 0.81314	 1319.67	  24
[7,-1,-1]	 0.81314	 1319.67	  24
[7,-1,1]	 0.81314	 1319.67	  24
[7,1,-1]	 0.81314	 1319.67	  24
[7,1,1] 	 0.81314	 1319.67	  24
[-5,-1,5]	 0.81314	 1319.67	  24
[-5,1,5]	 0.81314	 1319.67	  24
[-5,5,-1]	 0.81314	 1319.67	  24
[-5,5,1]	 0.81314	 1319.67	  24
[-1,-5,5]	 0.81314	 1319.67	  24
[-1,5,-5]	 0.81314	 1319.67	  24
[-1,5,5]	 0.81314	 1319.67	  24
[1,-5,-5]	 0.81314	 1319.67	  24
[1,-5,5]	 0.81314	 1319.67	  24
[1,5,-5]	 0.81314	 1319.67	  24
[5,-5,-1]	 0.81314	 1319.67	  24
[5,-5,1]	 0.81314	 1319.67	  24
[5,-1,-5]	 0.81314	 1319.67	  24
[5,1,-5]	 0.81314	 1319.67	  24
[-6,-4,0]	 0.80529	 1266.42	  24
[-6,0,-4]	 0.80529	 1266.42	  24
[-6,0,4]	 0.80529	 1266.42	  24
[-6,4,0]	 0.80529	 1266.42	  24
[-4,-6,0]	 0.80529	 1266.42	  24
[-4,0,-6]	 0.80529	 1266.42	  24
[0,-6,-4]	 0.80529	 1266.42	  24
[0,-6,4]	 0.80529	 1266.42	  24
[0,-4,-6]	 0.80529	 1266.42	  24
[0,4,6] 	 0.80529	 1266.42	  24
[0,6,-4]	 0.80529	 1266.42	  24
[0,6,4] 	 0.80529	 1266.42	  24
[4,0,6] 	 0.80529	 1266.42	  24
[4,6,0] 	 0.80529	 1266.42	  24
[6,-4,0]	 0.80529	 1266.42	  24
[6,0,-4]	 0.80529	 1266.42	  24
[6,0,4] 	 0.80529	 1266.42	  24
[6,4,0] 	 0.80529	 1266.42	  24
[-4,0,6]	 0.80529	 1266.42	  24
[-4,6,0]	 0.80529	 1266.42	  24
[0,-4,6]	 0.80529	 1266.42	  24
[0,4,-6]	 0.80529	 1266.42	  24
[4,-6,0]	 0.80529	 1266.42	  24
[4,0,-6]	 0.80529	 1266.42	  24
[-6,-2,-4]	 0.77599	 1743.01	  48
[-6,2,4]	 0.77599	 1743.01	  48
[-4,-6,-2]	 0.77599	 1743.01	  48
[-4,-6,2]	 0.77599	 1743.01	  48
[-4,-2,-6]	 0.77599	 1743.01	  48
[-4,2,-6]	 0.77599	 1743.01	  48
[-2,-6,-4]	 0.77599	 1743.01	  48
[-2,-6,4]	 0.77599	 1743.01	  48
[-2,-4,-6]	 0.77599	 1743.01	  48
[2,4,6] 	 0.77599	 1743.01	  48
[2,6,-4]	 0.77599	 1743.01	  48
[2,6,4] 	 0.77599	 1743.01	  48
[4,-2,6]	 0.77599	 1743.01	  48
[4,2,6] 	 0.77599	 1743.01	  48
[4,6,-2]	 0.77599	 1743.01	  48
[4,6,2] 	 0.77599	 1743.01	  48
[6,-2,-4]	 0.77599	 1743.01	  48
[6,2,4] 	 0.77599	 1743.01	  48
[-6,-4,-2]	 0.77599	 1743.01	  48
[-6,-4,2]	 0.77599	 1743.01	  48
[-6,-2,4]	 0.77599	 1743.01	  48
[-6,2,-4]	 0.77599	 1743.01	  48
[-6,4,-2]	 0.77599	 1743.01	  48
[-6,4,2]	 0.77599	 1743.01	  48
[-4,-2,6]	 0.77599	 1743.01	  48
[-4,2,6]	 0.77599	 1743.01	  48
[-4,6,-2]	 0.77599	 1743.01	  48
[-4,6,2]	 0.77599	 1743.01	  48
[-2,-4,6]	 0.77599	 1743.01	  48
[-2,4,-6]	 0.77599	 1743.01	  48
[-2,4,6]	 0.77599	 1743.01	  48
[-2,6,-4]	 0.77599	 1743.01	  48
[-2,6,4]	 0.77599	 1743.01	  48
[2,-6,-4]	 0.77599	 1743.01	  48
[2,-6,4]	 0.77599	 1743.01	  48
[2,-4,-6]	 0.77599	 1743.01	  48
[2,-4,6]	 0.77599	 1743.01	  48
[2,4,-6]	 0.77599	 1743.01	  48
[4,-6,-2]	 0.77599	 1743.01	  48
[4,-6,2]	 0.77599	 1743.01	  48
[4,-2,-6]	 0.77599	 1743.01	  48
[4,2,-6]	 0.77599	 1743.01	  48
[6,-4,-2]	 0.77599	 1743.01	  48
[6,-4,2]	 0.77599	 1743.01	  48
[6,-2,4]	 0.77599	 1743.01	  48
[6,2,-4]	 0.77599	 1743.01	  48
[6,4,-2]	 0.77599	 1743.01	  48
[6,4,2] 	 0.77599	 1743.01	  48
[-5,-5,-3]	 0.75601	 1359.98	  24
[-5,-3,-5]	 0.75601	 1359.98	  24
[-3,-7,-1]	 0.75601	 1359.98	  48
[-3,-7,1]	 0.75601	 1359.98	  48
[-3,-1,-7]	 0.75601	 1359.98	  48
[-3,1,-7]	 0.75601	 1359.98	  48
[-1,-3,-7]	 0.75601	 1359.98	  48
[1,3,7] 	 0.75601	 1359.98	  48
[3,-1,7]	 0.75601	 1359.98	  48
[3,1,7] 	 0.75601	 1359.98	  48
[3,7,-1]	 0.75601	 1359.98	  48
[3,7,1] 	 0.75601	 1359.98	  48
[5,3,5] 	 0.75601	 1359.98	  24
[5,5,3] 	 0.75601	 1359.98	  24
[-7,-3,-1]	 0.75601	 1359.98	  48
[-7,-3,1]	 0.75601	 1359.98	  48
[-7,-1,-3]	 0.75601	 1359.98	  48
[-7,-1,3]	 0.75601	 1359.98	  48
[-7,1,-3]	 0.75601	 1359.98	  48
[-7,1,3]	 0.75601	 1359.98	  48
[-7,3,-1]	 0.75601	 1359.98	  48
[-7,3,1]	 0.75601	 1359.98	  48
[-5,-5,3]	 0.75601	 1359.98	  24
[-5,-3,5]	 0.75601	 1359.98	  24
[-5,3,-5]	 0.75601	 1359.98	  24
[-5,5,-3]	 0.75601	 1359.98	  24
[-3,-5,-5]	 0.75601	 1359.98	  24
[-3,-5,5]	 0.75601	 1359.98	  24
[-3,-1,7]	 0.75601	 1359.98	  48
[-3,1,7]	 0.75601	 1359.98	  48
[-3,5,-5]	 0.75601	 1359.98	  24
[-3,7,-1]	 0.75601	 1359.98	  48
[-3,7,1]	 0.75601	 1359.98	  48
[-1,-7,-3]	 0.75601	 1359.98	  48
[-1,-7,3]	 0.75601	 1359.98	  48
[-1,-3,7]	 0.75601	 1359.98	  48
[-1,3,-7]	 0.75601	 1359.98	  48
[-1,3,7]	 0.75601	 1359.98	  48
[-1,7,-3]	 0.75601	 1359.98	  48
[-1,7,3]	 0.75601	 1359.98	  48
[1,-7,-3]	 0.75601	 1359.98	  48
[1,-7,3]	 0.75601	 1359.98	  48
[1,-3,-7]	 0.75601	 1359.98	  48
[1,-3,7]	 0.75601	 1359.98	  48
[1,3,-7]	 0.75601	 1359.98	  48
[1,7,-3]	 0.75601	 1359.98	  48
[1,7,3] 	 0.75601	 1359.98	  48
[3,-7,-1]	 0.75601	 1359.98	  48
[3,-7,1]	 0.75601	 1359.98	  48
[3,-5,5]	 0.75601	 1359.98	  24
[3,-1,-7]	 0.75601	 1359.98	  48
[3,1,-7]	 0.75601	 1359.98	  48
[3,5,-5]	 0.75601	 1359.98	  24
[3,5,5] 	 0.75601	 1359.98	  24
[5,-5,3]	 0.75601	 1359.98	  24
[5,-3,5]	 0.75601	 1359.98	  24
[5,3,-5]	 0.75601	 1359.98	  24
[5,5,-3]	 0.75601	 1359.98	  24
[7,-3,-1]	 0.75601	 1359.98	  48
[7,-3,1]	 0.75601	 1359.98	  48
[7,-1,-3]	 0.75601	 1359.98	  48
[7,-1,3]	 0.75601	 1359.98	  48
[7,1,-3]	 0.75601	 1359.98	  48
[7,1,3] 	 0.75601	 1359.98	  48
[7,3,-1]	 0.75601	 1359.98	  48
[7,3,1] 	 0.75601	 1359.98	  48
[-5,3,5]	 0.75601	 1359.98	  24
[-5,5,3]	 0.75601	 1359.98	  24
[-3,5,5]	 0.75601	 1359.98	  24
[3,-5,-5]	 0.75601	 1359.98	  24
[5,-5,-3]	 0.75601	 1359.98	  24
[5,-3,-5]	 0.75601	 1359.98	  24
[-8,0,0]	 0.72588	 1621.88	   6
[0,-8,0]	 0.72588	 1621.88	   6
[0,0,-8]	 0.72588	 1621.88	   6
[0,0,8] 	 0.72588	 1621.88	   6
[0,8,0] 	 0.72588	 1621.88	   6
[8,0,0] 	 0.72588	 1621.88	   6
[-3,-7,-3]	 0.70944	 1385.53	  24
[-3,-7,3]	 0.70944	 1385.53	  24
[-3,-3,-7]	 0.70944	 1385.53	  24
[3,3,7] 	 0.70944	 1385.53	  24
[3,7,-3]	 0.70944	 1385.53	  24
[3,7,3] 	 0.70944	 1385.53	  24
[-7,-3,-3]	 0.70944	 1385.53	  24
[-7,-3,3]	 0.70944	 1385.53	  24
[-7,3,-3]	 0.70944	 1385.53	  24
[-7,3,3]	 0.70944	 1385.53	  24
[-3,-3,7]	 0.70944	 1385.53	  24
[-3,3,-7]	 0.70944	 1385.53	  24
[-3,3,7]	 0.70944	 1385.53	  24
[-3,7,-3]	 0.70944	 1385.53	  24
[-3,7,3]	 0.70944	 1385.53	  24
[3,-7,-3]	 0.70944	 1385.53	  24
[3,-7,3]	 0.70944	 1385.53	  24
[3,-3,-7]	 0.70944	 1385.53	  24
[3,-3,7]	 0.70944	 1385.53	  24
[3,3,-7]	 0.70944	 1385.53	  24
[7,-3,-3]	 0.70944	 1385.53	  24
[7,-3,3]	 0.70944	 1385.53	  24
[7,3,-3]	 0.70944	 1385.53	  24
[7,3,3] 	 0.70944	 1385.53	  24
[-4,-6,-4]	 0.70420	 1364.01	  24
[-4,-4,-6]	 0.70420	 1364.01	  24
[-2,-8,0]	 0.70420	 1364.01	  24
[-2,0,-8]	 0.70420	 1364.01	  24
[2,0,8] 	 0.70420	 1364.01	  24
[2,8,0] 	 0.70420	 1364.01	  24
[4,4,6] 	 0.70420	 1364.01	  24
[4,6,4] 	 0.70420	 1364.01	  24
[-8,-2,0]	 0.70420	 1364.01	  24
[-8,0,-2]	 0.70420	 1364.01	  24
[-8,0,2]	 0.70420	 1364.01	  24
[-8,2,0]	 0.70420	 1364.01	  24
[-6,-4,-4]	 0.70420	 1364.01	  24
[-6,-4,4]	 0.70420	 1364.01	  24
[-6,4,-4]	 0.70420	 1364.01	  24
[-6,4,4]	 0.70420	 1364.01	  24
[-4,-6,4]	 0.70420	 1364.01	  24
[-4,6,-4]	 0.70420	 1364.01	  24
[-2,0,8]	 0.70420	 1364.01	  24
[-2,8,0]	 0.70420	 1364.01	  24
[0,-8,-2]	 0.70420	 1364.01	  24
[0,-8,2]	 0.70420	 1364.01	  24
[0,-2,-8]	 0.70420	 1364.01	  24
[0,-2,8]	 0.70420	 1364.01	  24
[0,2,-8]	 0.70420	 1364.01	  24
[0,2,8] 	 0.70420	 1364.01	  24
[0,8,-2]	 0.70420	 1364.01	  24
[0,8,2] 	 0.70420	 1364.01	  24
[2,-8,0]	 0.70420	 1364.01	  24
[2,0,-8]	 0.70420	 1364.01	  24
[4,-6,4]	 0.70420	 1364.01	  24
[4,6,-4]	 0.70420	 1364.01	  24
[6,-4,-4]	 0.70420	 1364.01	  24
[6,-4,4]	 0.70420	 1364.01	  24
[6,4,-4]	 0.70420	 1364.01	  24
[6,4,4] 	 0.70420	 1364.01	  24
[8,-2,0]	 0.70420	 1364.01	  24
[8,0,-2]	 0.70420	 1364.01	  24
[8,0,2] 	 0.70420	 1364.01	  24
[8,2,0] 	 0.70420	 1364.01	  24
[-4,-4,6]	 0.70420	 1364.01	  24
[-4,4,-6]	 0.70420	 1364.01	  24
[-4,4,6]	 0.70420	 1364.01	  24
[-4,6,4]	 0.70420	 1364.01	  24
[4,-6,-4]	 0.70420	 1364.01	  24
[4,-4,-6]	 0.70420	 1364.01	  24
[4,-4,6]	 0.70420	 1364.01	  24
[4,4,-6]	 0.70420	 1364.01	  24
[-8,-2,-2]	 0.68436	 1548.27	  24
[-8,-2,2]	 0.68436	 1548.27	  24
[-8,2,-2]	 0.68436	 1548.27	  24
[-8,2,2]	 0.68436	 1548.27	  24
[-6,-6,0]	 0.68436	 1548.27	  12
[-6,0,-6]	 0.68436	 1548.27	  12
[-2,-8,-2]	 0.68436	 1548.27	  24
[-2,-8,2]	 0.68436	 1548.27	  24
[-2,-2,-8]	 0.68436	 1548.27	  24
[-2,-2,8]	 0.68436	 1548.27	  24
[-2,2,-8]	 0.68436	 1548.27	  24
[-2,2,8]	 0.68436	 1548.27	  24
[-2,8,-2]	 0.68436	 1548.27	  24
[-2,8,2]	 0.68436	 1548.27	  24
[0,-6,-6]	 0.68436	 1548.27	  12
[0,-6,6]	 0.68436	 1548.27	  12
[0,6,-6]	 0.68436	 1548.27	  12
[0,6,6] 	 0.68436	 1548.27	  12
[2,-8,-2]	 0.68436	 1548.27	  24
[2,-8,2]	 0.68436	 1548.27	  24
[2,-2,-8]	 0.68436	 1548.27	  24
[2,-2,8]	 0.68436	 1548.27	  24
[2,2,-8]	 0.68436	 1548.27	  24
[2,2,8] 	 0.68436	 1548.27	  24
[2,8,-2]	 0.68436	 1548.27	  24
[2,8,2] 	 0.68436	 1548.27	  24
[6,0,6] 	 0.68436	 1548.27	  12
[6,6,0] 	 0.68436	 1548.27	  12
[8,-2,-2]	 0.68436	 1548.27	  24
[8,-2,2]	 0.68436	 1548.27	  24
[8,2,-2]	 0.68436	 1548.27	  24
[8,2,2] 	 0.68436	 1548.27	  24
[-6,0,6]	 0.68436	 1548.27	  12
[-6,6,0]	 0.68436	 1548.27	  12
[6,-6,0]	 0.68436	 1548.27	  12
[6,0,-6]	 0.68436	 1548.27	  12
[-7,-5,-1]	 0.67053	 1401.65	  48
[-7,-5,1]	 0.67053	 1401.65	  48
[-7,-1,-5]	 0.67053	 1401.65	  48
[-7,1,-5]	 0.67053	 1401.65	  48
[7,-1,5]	 0.67053	 1401.65	  48
[7,1,5] 	 0.67053	 1401.65	  48
[7,5,-1]	 0.67053	 1401.65	  48
[7,5,1] 	 0.67053	 1401.65	  48
[-5,-7,-1]	 0.67053	 1401.65	  48
[-5,-7,1]	 0.67053	 1401.65	  48
[-5,-5,-5]	 0.67053	 1401.65	   8
[-5,-5,5]	 0.67053	 1401.65	   8
[-5,-1,-7]	 0.67053	 1401.65	  48
[-5,1,-7]	 0.67053	 1401.65	  48
[-5,1,7]	 0.67053	 1401.65	  48
[-5,5,-5]	 0.67053	 1401.65	   8
[-5,7,-1]	 0.67053	 1401.65	  48
[-5,7,1]	 0.67053	 1401.65	  48
[-1,-7,-5]	 0.67053	 1401.65	  48
[-1,-7,5]	 0.67053	 1401.65	  48
[-1,-5,-7]	 0.67053	 1401.65	  48
[-1,-5,7]	 0.67053	 1401.65	  48
[-1,5,-7]	 0.67053	 1401.65	  48
[-1,5,7]	 0.67053	 1401.65	  48
[-1,7,-5]	 0.67053	 1401.65	  48
[-1,7,5]	 0.67053	 1401.65	  48
[1,-7,-5]	 0.67053	 1401.65	  48
[1,-7,5]	 0.67053	 1401.65	  48
[1,-5,-7]	 0.67053	 1401.65	  48
[1,-5,7]	 0.67053	 1401.65	  48
[1,5,-7]	 0.67053	 1401.65	  48
[1,5,7] 	 0.67053	 1401.65	  48
[1,7,-5]	 0.67053	 1401.65	  48
[1,7,5] 	 0.67053	 1401.65	  48
[5,-7,-1]	 0.67053	 1401.65	  48
[5,-7,1]	 0.67053	 1401.65	  48
[5,-5,5]	 0.67053	 1401.65	   8
[5,-1,-7]	 0.67053	 1401.65	  48
[5,-1,7]	 0.67053	 1401.65	  48
[5,1,7] 	 0.67053	 1401.65	  48
[5,5,-5]	 0.67053	 1401.65	   8
[5,5,5] 	 0.67053	 1401.65	   8
[5,7,-1]	 0.67053	 1401.65	  48
[5,7,1] 	 0.67053	 1401.65	  48
[-7,-1,5]	 0.67053	 1401.65	  48
[-7,1,5]	 0.67053	 1401.65	  48
[-7,5,-1]	 0.67053	 1401.65	  48
[-7,5,1]	 0.67053	 1401.65	  48
[-5,-1,7]	 0.67053	 1401.65	  48
[-5,5,5]	 0.67053	 1401.65	   8
[5,-5,-5]	 0.67053	 1401.65	   8
[5,1,-7]	 0.67053	 1401.65	  48
[7,-5,-1]	 0.67053	 1401.65	  48
[7,-5,1]	 0.67053	 1401.65	  48
[7,-1,-5]	 0.67053	 1401.65	  48
[7,1,-5]	 0.67053	 1401.65	  48
[-6,-6,-2]	 0.66611	 1388.08	  24
[-6,-6,2]	 0.66611	 1388.08	  24
[-6,-2,-6]	 0.66611	 1388.08	  24
[-6,2,-6]	 0.66611	 1388.08	  24
[-2,-6,-6]	 0.66611	 1388.08	  24
[2,6,6] 	 0.66611	 1388.08	  24
[6,-2,6]	 0.66611	 1388.08	  24
[6,2,6] 	 0.66611	 1388.08	  24
[6,6,-2]	 0.66611	 1388.08	  24
[6,6,2] 	 0.66611	 1388.08	  24
[-2,-6,6]	 0.66611	 1388.08	  24
[-2,6,-6]	 0.66611	 1388.08	  24
[2,-6,6]	 0.66611	 1388.08	  24
[2,6,-6]	 0.66611	 1388.08	  24
[-6,-2,6]	 0.66611	 1388.08	  24
[-6,2,6]	 0.66611	 1388.08	  24
[-6,6,-2]	 0.66611	 1388.08	  24
[-6,6,2]	 0.66611	 1388.08	  24
[-2,6,6]	 0.66611	 1388.08	  24
[2,-6,-6]	 0.66611	 1388.08	  24
[6,-6,-2]	 0.66611	 1388.08	  24
[6,-6,2]	 0.66611	 1388.08	  24
[6,-2,-6]	 0.66611	 1388.08	  24
[6,2,-6]	 0.66611	 1388.08	  24
[-8,-4,0]	 0.64924	 1503.05	  24
[-8,0,-4]	 0.64924	 1503.05	  24
[-8,0,4]	 0.64924	 1503.05	  24
[-8,4,0]	 0.64924	 1503.05	  24
[-4,-8,0]	 0.64924	 1503.05	  24
[-4,0,-8]	 0.64924	 1503.05	  24
[0,-8,-4]	 0.64924	 1503.05	  24
[0,-8,4]	 0.64924	 1503.05	  24
[0,-4,-8]	 0.64924	 1503.05	  24
[0,-4,8]	 0.64924	 1503.05	  24
[0,4,-8]	 0.64924	 1503.05	  24
[0,4,8] 	 0.64924	 1503.05	  24
[0,8,-4]	 0.64924	 1503.05	  24
[0,8,4] 	 0.64924	 1503.05	  24
[4,0,8] 	 0.64924	 1503.05	  24
[4,8,0] 	 0.64924	 1503.05	  24
[8,-4,0]	 0.64924	 1503.05	  24
[8,0,-4]	 0.64924	 1503.05	  24
[8,0,4] 	 0.64924	 1503.05	  24
[8,4,0] 	 0.64924	 1503.05	  24
[-4,0,8]	 0.64924	 1503.05	  24
[-4,8,0]	 0.64924	 1503.05	  24
[4,-8,0]	 0.64924	 1503.05	  24
[4,0,-8]	 0.64924	 1503.05	  24
[-7,-5,-3]	 0.63740	 1411.78	  48
[-7,-5,3]	 0.63740	 1411.78	  48
[-7,-3,-5]	 0.63740	 1411.78	  48
[-7,3,-5]	 0.63740	 1411.78	  48
[-5,-7,-3]	 0.63740	 1411.78	  48
[-5,-7,3]	 0.63740	 1411.78	  48
[-5,-3,-7]	 0.63740	 1411.78	  48
[-5,3,-7]	 0.63740	 1411.78	  48
[-3,-7,-5]	 0.63740	 1411.78	  48
[-3,-7,5]	 0.63740	 1411.78	  48
[-3,-5,-7]	 0.63740	 1411.78	  48
[3,5,7] 	 0.63740	 1411.78	  48
[3,7,-5]	 0.63740	 1411.78	  48
[3,7,5] 	 0.63740	 1411.78	  48
[5,-3,7]	 0.63740	 1411.78	  48
[5,3,7] 	 0.63740	 1411.78	  48
[5,7,-3]	 0.63740	 1411.78	  48
[5,7,3] 	 0.63740	 1411.78	  48
[7,-3,5]	 0.63740	 1411.78	  48
[7,3,5] 	 0.63740	 1411.78	  48
[7,5,-3]	 0.63740	 1411.78	  48
[7,5,3] 	 0.63740	 1411.78	  48
[-9,-1,-1]	 0.63740	 1411.78	  24
[-9,-1,1]	 0.63740	 1411.78	  24
[-9,1,-1]	 0.63740	 1411.78	  24
[-9,1,1]	 0.63740	 1411.78	  24
[-5,-3,7]	 0.63740	 1411.78	  48
[-5,3,7]	 0.63740	 1411.78	  48
[-5,7,-3]	 0.63740	 1411.78	  48
[-3,-5,7]	 0.63740	 1411.78	  48
[-3,5,-7]	 0.63740	 1411.78	  48
[-3,5,7]	 0.63740	 1411.78	  48
[-3,7,-5]	 0.63740	 1411.78	  48
[-3,7,5]	 0.63740	 1411.78	  48
[-1,-9,-1]	 0.63740	 1411.78	  24
[-1,-9,1]	 0.63740	 1411.78	  24
[-1,-1,-9]	 0.63740	 1411.78	  24
[-1,1,-9]	 0.63740	 1411.78	  24
[-1,9,-1]	 0.63740	 1411.78	  24
[-1,9,1]	 0.63740	 1411.78	  24
[1,-9,-1]	 0.63740	 1411.78	  24
[1,-9,1]	 0.63740	 1411.78	  24
[1,-1,9]	 0.63740	 1411.78	  24
[1,1,9] 	 0.63740	 1411.78	  24
[1,9,-1]	 0.63740	 1411.78	  24
[1,9,1] 	 0.63740	 1411.78	  24
[3,-7,-5]	 0.63740	 1411.78	  48
[3,-7,5]	 0.63740	 1411.78	  48
[3,-5,-7]	 0.63740	 1411.78	  48
[3,-5,7]	 0.63740	 1411.78	  48
[3,5,-7]	 0.63740	 1411.78	  48
[5,-7,3]	 0.63740	 1411.78	  48
[5,-3,-7]	 0.63740	 1411.78	  48
[5,3,-7]	 0.63740	 1411.78	  48
[9,-1,-1]	 0.63740	 1411.78	  24
[9,-1,1]	 0.63740	 1411.78	  24
[9,1,-1]	 0.63740	 1411.78	  24
[9,1,1] 	 0.63740	 1411.78	  24
[-7,-3,5]	 0.63740	 1411.78	  48
[-7,3,5]	 0.63740	 1411.78	  48
[-7,5,-3]	 0.63740	 1411.78	  48
[-7,5,3]	 0.63740	 1411.78	  48
[-5,7,3]	 0.63740	 1411.78	  48
[-1,-1,9]	 0.63740	 1411.78	  24
[-1,1,9]	 0.63740	 1411.78	  24
[1,-1,-9]	 0.63740	 1411.78	  24
[1,1,-9]	 0.63740	 1411.78	  24
[5,-7,-3]	 0.63740	 1411.78	  48
[7,-5,-3]	 0.63740	 1411.78	  48
[7,-5,3]	 0.63740	 1411.78	  48
[7,-3,-5]	 0.63740	 1411.78	  48
[7,3,-5]	 0.63740	 1411.78	  48
[-4,-8,-2]	 0.63360	 1403.25	  48
[-4,-8,2]	 0.63360	 1403.25	  48
[-4,-2,-8]	 0.63360	 1403.25	  48
[-4,2,-8]	 0.63360	 1403.25	  48
[-2,-8,-4]	 0.63360	 1403.25	  48
[-2,-4,-8]	 0.63360	 1403.25	  48
[2,4,8] 	 0.63360	 1403.25	  48
[2,8,4] 	 0.63360	 1403.25	  48
[4,-2,8]	 0.63360	 1403.25	  48
[4,2,8] 	 0.63360	 1403.25	  48
[4,8,-2]	 0.63360	 1403.25	  48
[4,8,2] 	 0.63360	 1403.25	  48
[-8,-4,-2]	 0.63360	 1403.25	  48
[-8,-4,2]	 0.63360	 1403.25	  48
[-8,-2,-4]	 0.63360	 1403.25	  48
[-8,-2,4]	 0.63360	 1403.25	  48
[-8,2,-4]	 0.63360	 1403.25	  48
[-8,2,4]	 0.63360	 1403.25	  48
[-8,4,-2]	 0.63360	 1403.25	  48
[-8,4,2]	 0.63360	 1403.25	  48
[-4,2,8]	 0.63360	 1403.25	  48
[-2,-8,4]	 0.63360	 1403.25	  48
[-2,-4,8]	 0.63360	 1403.25	  48
[-2,4,-8]	 0.63360	 1403.25	  48
[-2,4,8]	 0.63360	 1403.25	  48
[-2,8,-4]	 0.63360	 1403.25	  48
[-2,8,4]	 0.63360	 1403.25	  48
[2,-8,-4]	 0.63360	 1403.25	  48
[2,-8,4]	 0.63360	 1403.25	  48
[2,-4,-8]	 0.63360	 1403.25	  48
[2,-4,8]	 0.63360	 1403.25	  48
[2,4,-8]	 0.63360	 1403.25	  48
[2,8,-4]	 0.63360	 1403.25	  48
[4,-2,-8]	 0.63360	 1403.25	  48
[8,-4,-2]	 0.63360	 1403.25	  48
[8,-4,2]	 0.63360	 1403.25	  48
[8,-2,-4]	 0.63360	 1403.25	  48
[8,-2,4]	 0.63360	 1403.25	  48
[8,2,-4]	 0.63360	 1403.25	  48
[8,2,4] 	 0.63360	 1403.25	  48
[8,4,-2]	 0.63360	 1403.25	  48
[8,4,2] 	 0.63360	 1403.25	  48
[-4,-2,8]	 0.63360	 1403.25	  48
[-4,8,-2]	 0.63360	 1403.25	  48
[-4,8,2]	 0.63360	 1403.25	  48
[4,-8,-2]	 0.63360	 1403.25	  48
[4,-8,2]	 0.63360	 1403.25	  48
[4,2,-8]	 0.63360	 1403.25	  48
[-6,-6,-4]	 0.61903	 1475.08	  24
[-6,-6,4]	 0.61903	 1475.08	  24
[-6,-4,-6]	 0.61903	 1475.08	  24
[-6,4,-6]	 0.61903	 1475.08	  24
[-4,-6,-6]	 0.61903	 1475.08	  24
[4,6,6] 	 0.61903	 1475.08	  24
[6,-4,6]	 0.61903	 1475.08	  24
[6,4,6] 	 0.61903	 1475.08	  24
[6,6,-4]	 0.61903	 1475.08	  24
[6,6,4] 	 0.61903	 1475.08	  24
[-4,-6,6]	 0.61903	 1475.08	  24
[-4,6,-6]	 0.61903	 1475.08	  24
[4,-6,6]	 0.61903	 1475.08	  24
[4,6,-6]	 0.61903	 1475.08	  24
[-6,-4,6]	 0.61903	 1475.08	  24
[-6,4,6]	 0.61903	 1475.08	  24
[-6,6,-4]	 0.61903	 1475.08	  24
[-6,6,4]	 0.61903	 1475.08	  24
[-4,6,6]	 0.61903	 1475.08	  24
[4,-6,-6]	 0.61903	 1475.08	  24
[6,-6,-4]	 0.61903	 1475.08	  24
[6,-6,4]	 0.61903	 1475.08	  24
[6,-4,-6]	 0.61903	 1475.08	  24
[6,4,-6]	 0.61903	 1475.08	  24
[-3,-9,-1]	 0.60874	 1418.15	  48
[-3,-9,1]	 0.60874	 1418.15	  48
[-3,-1,-9]	 0.60874	 1418.15	  48
[-1,-3,-9]	 0.60874	 1418.15	  48
[1,3,9] 	 0.60874	 1418.15	  48
[3,1,9] 	 0.60874	 1418.15	  48
[3,9,-1]	 0.60874	 1418.15	  48
[3,9,1] 	 0.60874	 1418.15	  48
[-9,-3,-1]	 0.60874	 1418.15	  48
[-9,-3,1]	 0.60874	 1418.15	  48
[-9,-1,-3]	 0.60874	 1418.15	  48
[-9,-1,3]	 0.60874	 1418.15	  48
[-9,1,-3]	 0.60874	 1418.15	  48
[-9,1,3]	 0.60874	 1418.15	  48
[-9,3,-1]	 0.60874	 1418.15	  48
[-9,3,1]	 0.60874	 1418.15	  48
[-3,-1,9]	 0.60874	 1418.15	  48
[-3,1,-9]	 0.60874	 1418.15	  48
[-3,1,9]	 0.60874	 1418.15	  48
[-3,9,-1]	 0.60874	 1418.15	  48
[-3,9,1]	 0.60874	 1418.15	  48
[-1,-9,-3]	 0.60874	 1418.15	  48
[-1,-9,3]	 0.60874	 1418.15	  48
[-1,-3,9]	 0.60874	 1418.15	  48
[-1,3,-9]	 0.60874	 1418.15	  48
[-1,3,9]	 0.60874	 1418.15	  48
[-1,9,-3]	 0.60874	 1418.15	  48
[-1,9,3]	 0.60874	 1418.15	  48
[1,-9,-3]	 0.60874	 1418.15	  48
[1,-9,3]	 0.60874	 1418.15	  48
[1,-3,-9]	 0.60874	 1418.15	  48
[1,-3,9]	 0.60874	 1418.15	  48
[1,3,-9]	 0.60874	 1418.15	  48
[1,9,-3]	 0.60874	 1418.15	  48
[1,9,3] 	 0.60874	 1418.15	  48
[3,-9,-1]	 0.60874	 1418.15	  48
[3,-9,1]	 0.60874	 1418.15	  48
[3,-1,-9]	 0.60874	 1418.15	  48
[3,-1,9]	 0.60874	 1418.15	  48
[3,1,-9]	 0.60874	 1418.15	  48
[9,-3,-1]	 0.60874	 1418.15	  48
[9,-3,1]	 0.60874	 1418.15	  48
[9,-1,-3]	 0.60874	 1418.15	  48
[9,-1,3]	 0.60874	 1418.15	  48
[9,1,-3]	 0.60874	 1418.15	  48
[9,1,3] 	 0.60874	 1418.15	  48
[9,3,-1]	 0.60874	 1418.15	  48
[9,3,1] 	 0.60874	 1418.15	  48
