HKL	          d	    F^2	  M	
[0,-1,-2]	 3.84057	  324.98	   6
[0,1,2] 	 3.84057	  324.98	   6
[-1,0,2]	 3.84057	  324.98	   6
[1,0,-2]	 3.84057	  324.98	   6
[-1,-1,0]	 3.36639	 3611.99	   6
[1,1,0] 	 3.36639	 3611.99	   6
[-1,1,-2]	 2.98918	  324.98	   6
[1,-1,2]	 2.98918	  324.98	   6
[-1,0,-4]	 2.68389	 2617.71	   6
[0,-1,4]	 2.68389	 2617.71	   6
[0,1,-4]	 2.68389	 2617.71	   6
[1,0,4] 	 2.68389	 2617.71	   6
[-1,-1,-3]	 2.65829	 2970.29	  12
[1,1,3] 	 2.65829	 2970.29	  12
[-1,-1,3]	 2.65829	 2970.29	  12
[1,1,-3]	 2.65829	 2970.29	  12
[-1,1,4]	 2.33797	 2617.71	   6
[1,-1,-4]	 2.33797	 2617.71	   6
[-2,0,-2]	 2.23518	    1.04	   6
[0,-2,2]	 2.23518	    1.04	   6
[0,2,-2]	 2.23518	    1.04	   6
[2,0,2] 	 2.23518	    1.04	   6
[0,0,-6]	 2.16632	40186.18	   2
[0,0,6] 	 2.16632	40186.18	   2
[-2,1,0]	 2.12909	 3611.99	   6
[-1,2,0]	 2.12909	 3611.99	   6
[1,-2,0]	 2.12909	 3611.99	   6
[2,-1,0]	 2.12909	 3611.99	   6
[-2,-1,-1]	 2.10109	 1734.38	  12
[-1,-2,1]	 2.10109	 1734.38	  12
[1,2,-1]	 2.10109	 1734.38	  12
[2,1,1] 	 2.10109	 1734.38	  12
[-2,-1,2]	 2.02329	   49.57	  12
[-1,-2,-2]	 2.02329	   49.57	  12
[1,2,2] 	 2.02329	   49.57	  12
[2,1,-2]	 2.02329	   49.57	  12
[0,-2,-4]	 1.92028	   44.00	   6
[0,2,4] 	 1.92028	   44.00	   6
[-2,0,4]	 1.92028	   44.00	   6
[2,0,-4]	 1.92028	   44.00	   6
[-2,1,-3]	 1.91084	 2970.29	  12
[-1,2,-3]	 1.91084	 2970.29	  12
[1,-2,3]	 1.91084	 2970.29	  12
[2,-1,3]	 1.91084	 2970.29	  12
[-2,1,3]	 1.91084	 2970.29	  12
[-1,2,3]	 1.91084	 2970.29	  12
[1,-2,-3]	 1.91084	 2970.29	  12
[2,-1,-3]	 1.91084	 2970.29	  12
[-1,-1,-6]	 1.82172	 2565.48	  12
[1,1,6] 	 1.82172	 2565.48	  12
[-1,-1,6]	 1.82172	 2565.48	  12
[1,1,-6]	 1.82172	 2565.48	  12
[-2,-1,-4]	 1.78087	  501.75	  12
[-1,-2,4]	 1.78087	  501.75	  12
[1,2,-4]	 1.78087	  501.75	  12
[2,1,4] 	 1.78087	  501.75	  12
[-2,-2,0]	 1.68320	 2960.62	   6
[2,2,0] 	 1.68320	 2960.62	   6
[-1,-2,-5]	 1.64716	 2649.89	  12
[1,2,5] 	 1.64716	 2649.89	  12
[-2,-1,5]	 1.64716	 2649.89	  12
[2,1,-5]	 1.64716	 2649.89	  12
[-2,2,2]	 1.62943	    1.04	   6
[2,-2,-2]	 1.62943	    1.04	   6
[-3,0,0]	 1.58693	54863.89	   6
[0,-3,0]	 1.58693	54863.89	   6
[0,3,0] 	 1.58693	54863.89	   6
[3,0,0] 	 1.58693	54863.89	   6
[-2,-2,-3]	 1.56896	 2485.76	  12
[-2,-2,3]	 1.56896	 2485.76	  12
[2,2,-3]	 1.56896	 2485.76	  12
[2,2,3] 	 1.56896	 2485.76	  12
[-1,0,8]	 1.53766	  535.76	   6
[0,-1,-8]	 1.53766	  535.76	   6
[0,1,8] 	 1.53766	  535.76	   6
[1,0,-8]	 1.53766	  535.76	   6
[-2,1,-6]	 1.51849	 2565.48	  12
[-2,1,6]	 1.51849	 2565.48	  12
[-1,2,-6]	 1.51849	 2565.48	  12
[-1,2,6]	 1.51849	 2565.48	  12
[1,-2,-6]	 1.51849	 2565.48	  12
[1,-2,6]	 1.51849	 2565.48	  12
[2,-1,-6]	 1.51849	 2565.48	  12
[2,-1,6]	 1.51849	 2565.48	  12
[-1,-3,-1]	 1.49550	  869.69	  12
[1,3,1] 	 1.49550	  869.69	  12
[-3,-1,1]	 1.49550	  869.69	  12
[-3,1,-1]	 1.49550	 1734.38	  12
[-1,3,-1]	 1.49550	 1734.38	  12
[1,-3,1]	 1.49550	 1734.38	  12
[3,-1,1]	 1.49550	 1734.38	  12
[3,1,-1]	 1.49550	  869.69	  12
[-2,2,-4]	 1.49459	   44.00	   6
[2,-2,4]	 1.49459	   44.00	   6
[-3,-1,-2]	 1.46666	  666.02	  12
[-3,1,2]	 1.46666	   49.57	  12
[-1,-3,2]	 1.46666	  666.02	  12
[-1,3,2]	 1.46666	   49.57	  12
[1,-3,-2]	 1.46666	   49.57	  12
[1,3,-2]	 1.46666	  666.02	  12
[3,-1,-2]	 1.46666	   49.57	  12
[3,1,2] 	 1.46666	  666.02	  12
[-1,1,-8]	 1.46323	  535.76	   6
[1,-1,8]	 1.46323	  535.76	   6
[-2,-1,-7]	 1.39941	  253.04	  12
[2,1,7] 	 1.39941	  253.04	  12
[-1,-2,7]	 1.39941	  253.04	  12
[1,2,-7]	 1.39941	  253.04	  12
[-3,-1,4]	 1.36601	 5116.83	  12
[-3,1,-4]	 1.36601	  501.75	  12
[-1,-3,-4]	 1.36601	 5116.83	  12
[-1,3,-4]	 1.36601	  501.75	  12
[1,-3,4]	 1.36601	  501.75	  12
[1,3,4] 	 1.36601	 5116.83	  12
[3,-1,4]	 1.36601	  501.75	  12
[3,1,-4]	 1.36601	 5116.83	  12
[-2,0,-8]	 1.34195	   37.67	   6
[0,-2,8]	 1.34195	   37.67	   6
[0,2,-8]	 1.34195	   37.67	   6
[2,0,8] 	 1.34195	   37.67	   6
[-2,-2,-6]	 1.32915	 2120.48	  12
[2,2,6] 	 1.32915	 2120.48	  12
[-2,-2,6]	 1.32915	 2120.48	  12
[2,2,-6]	 1.32915	 2120.48	  12
[-1,-1,-9]	 1.32723	20358.68	  12
[1,1,9] 	 1.32723	20358.68	  12
[-1,-1,9]	 1.32723	20358.68	  12
[1,1,-9]	 1.32723	20358.68	  12
[-3,-2,-1]	 1.31365	 2525.40	  12
[3,2,1] 	 1.31365	 2525.40	  12
[-2,-3,1]	 1.31365	 2525.40	  12
[-2,3,1]	 1.31365	 1734.38	  12
[2,-3,-1]	 1.31365	 1734.38	  12
[2,3,-1]	 1.31365	 2525.40	  12
[-3,2,1]	 1.31365	 1734.38	  12
[3,-2,-1]	 1.31365	 1734.38	  12
[-3,-1,-5]	 1.30279	 1328.76	  12
[-1,-3,5]	 1.30279	 1328.76	  12
[1,3,-5]	 1.30279	 1328.76	  12
[3,1,5] 	 1.30279	 1328.76	  12
[-1,3,5]	 1.30279	 2649.89	  12
[1,-3,-5]	 1.30279	 2649.89	  12
[-3,1,5]	 1.30279	 2649.89	  12
[3,-1,-5]	 1.30279	 2649.89	  12
[-3,-2,2]	 1.29397	   39.05	  12
[-2,-3,-2]	 1.29397	   39.05	  12
[-2,3,-2]	 1.29397	   49.57	  12
[2,-3,2]	 1.29397	   49.57	  12
[2,3,2] 	 1.29397	   39.05	  12
[3,2,-2]	 1.29397	   39.05	  12
[-3,2,-2]	 1.29397	   49.57	  12
[3,-2,2]	 1.29397	   49.57	  12
[-2,-1,8]	 1.29162	  147.86	  12
[-1,-2,-8]	 1.29162	  147.86	  12
[1,2,8] 	 1.29162	  147.86	  12
[2,1,-8]	 1.29162	  147.86	  12
[-3,0,-6]	 1.28019	35144.10	   6
[3,0,6] 	 1.28019	35144.10	   6
[0,-3,-6]	 1.28019	35144.10	   6
[0,-3,6]	 1.28019	35144.10	   6
[0,3,-6]	 1.28019	35144.10	   6
[0,3,6] 	 1.28019	35144.10	   6
[-3,0,6]	 1.28019	35144.10	   6
[3,0,-6]	 1.28019	35144.10	   6
[-1,0,-10]	 1.25390	 3764.22	   6
[1,0,10]	 1.25390	 3764.22	   6
[0,-1,10]	 1.25390	 3764.22	   6
[0,1,-10]	 1.25390	 3764.22	   6
[-3,-2,-4]	 1.22327	  153.56	  12
[-2,-3,4]	 1.22327	  153.56	  12
[2,3,-4]	 1.22327	  153.56	  12
[3,2,4] 	 1.22327	  153.56	  12
[-3,2,4]	 1.22327	  501.75	  12
[-2,3,4]	 1.22327	  501.75	  12
[2,-3,-4]	 1.22327	  501.75	  12
[3,-2,-4]	 1.22327	  501.75	  12
[-1,1,10]	 1.21255	 3764.22	   6
[1,-1,-10]	 1.21255	 3764.22	   6
[-2,1,-9]	 1.19519	20358.68	  12
[-2,1,9]	 1.19519	20358.68	  12
[-1,2,-9]	 1.19519	20358.68	  12
[-1,2,9]	 1.19519	20358.68	  12
[1,-2,-9]	 1.19519	20358.68	  12
[1,-2,9]	 1.19519	20358.68	  12
[2,-1,-9]	 1.19519	20358.68	  12
[2,-1,9]	 1.19519	20358.68	  12
[-2,-3,-5]	 1.17725	 3858.47	  12
[2,3,5] 	 1.17725	 3858.47	  12
[-3,-2,5]	 1.17725	 3858.47	  12
[-3,2,-5]	 1.17725	 2649.89	  12
[-2,3,-5]	 1.17725	 2649.89	  12
[2,-3,5]	 1.17725	 2649.89	  12
[3,-2,5]	 1.17725	 2649.89	  12
[3,2,-5]	 1.17725	 3858.47	  12
[-4,0,2]	 1.17073	 1486.25	   6
[0,-4,-2]	 1.17073	 1486.25	   6
[0,4,2] 	 1.17073	 1486.25	   6
[4,0,-2]	 1.17073	 1486.25	   6
[-3,-1,7]	 1.16942	  126.89	  12
[-3,1,-7]	 1.16942	  253.04	  12
[-1,-3,-7]	 1.16942	  126.89	  12
[-1,3,-7]	 1.16942	  253.04	  12
[1,-3,7]	 1.16942	  253.04	  12
[1,3,7] 	 1.16942	  126.89	  12
[3,-1,7]	 1.16942	  253.04	  12
[3,1,-7]	 1.16942	  126.89	  12
[-2,2,8]	 1.16898	   37.67	   6
[2,-2,-8]	 1.16898	   37.67	   6
[-4,-1,0]	 1.15466	 1795.56	  12
[-1,-4,0]	 1.15466	 1795.56	  12
[1,4,0] 	 1.15466	 1795.56	  12
[4,1,0] 	 1.15466	 1795.56	  12
[-4,1,1]	 1.15013	  869.69	  12
[-1,4,1]	 1.15013	  869.69	  12
[1,-4,-1]	 1.15013	  869.69	  12
[4,-1,-1]	 1.15013	  869.69	  12
[0,-2,-10]	 1.14080	   39.82	   6
[0,2,10]	 1.14080	   39.82	   6
[-2,0,10]	 1.14080	   39.82	   6
[2,0,-10]	 1.14080	   39.82	   6
[-4,1,-2]	 1.13686	  666.02	  12
[-1,4,-2]	 1.13686	  666.02	  12
[1,-4,2]	 1.13686	  666.02	  12
[4,-1,2]	 1.13686	  666.02	  12
[-3,-3,0]	 1.12213	41596.63	   6
[3,3,0] 	 1.12213	41596.63	   6
[-3,3,0]	 1.12213	54863.89	   6
[3,-3,0]	 1.12213	54863.89	   6
[-4,0,-4]	 1.11759	11003.54	   6
[0,-4,4]	 1.11759	11003.54	   6
[0,4,-4]	 1.11759	11003.54	   6
[4,0,4] 	 1.11759	11003.54	   6
[-4,-1,-3]	 1.11572	 2168.73	  12
[-4,-1,3]	 1.11572	 2168.73	  12
[-1,-4,-3]	 1.11572	 2168.73	  12
[-1,-4,3]	 1.11572	 2168.73	  12
[1,4,-3]	 1.11572	 2168.73	  12
[1,4,3] 	 1.11572	 2168.73	  12
[4,1,-3]	 1.11572	 2168.73	  12
[4,1,3] 	 1.11572	 2168.73	  12
[-2,-1,-10]	 1.10939	  665.60	  12
[2,1,10]	 1.10939	  665.60	  12
[-1,-2,10]	 1.10939	  665.60	  12
[1,2,-10]	 1.10939	  665.60	  12
[-3,-1,-8]	 1.10430	  956.45	  12
[3,1,8] 	 1.10430	  956.45	  12
[-1,-3,8]	 1.10430	  956.45	  12
[1,3,-8]	 1.10430	  956.45	  12
[-3,1,8]	 1.10430	  147.86	  12
[-1,3,8]	 1.10430	  147.86	  12
[1,-3,-8]	 1.10430	  147.86	  12
[3,-1,-8]	 1.10430	  147.86	  12
[-2,-2,-9]	 1.09605	17037.68	  12
[2,2,9] 	 1.09605	17037.68	  12
[-2,-2,9]	 1.09605	17037.68	  12
[2,2,-9]	 1.09605	17037.68	  12
[-4,1,4]	 1.08802	 5116.83	  12
[4,-1,-4]	 1.08802	 5116.83	  12
[-1,4,4]	 1.08802	 5116.83	  12
[1,-4,-4]	 1.08802	 5116.83	  12
[-3,-3,-3]	 1.08629	    5.36	  12
[-3,-3,3]	 1.08629	    5.36	  12
[3,3,-3]	 1.08629	    5.36	  12
[3,3,3] 	 1.08629	    5.36	  12
[0,0,-12]	 1.08316	 5038.05	   2
[0,0,12]	 1.08316	 5038.05	   2
[-3,-2,-7]	 1.07608	  368.45	  12
[3,2,7] 	 1.07608	  368.45	  12
[-2,-3,7]	 1.07608	  368.45	  12
[2,3,-7]	 1.07608	  368.45	  12
[-3,2,7]	 1.07608	  253.04	  12
[-2,3,7]	 1.07608	  253.04	  12
[2,-3,-7]	 1.07608	  253.04	  12
[3,-2,-7]	 1.07608	  253.04	  12
[-4,2,0]	 1.06455	 2960.62	   6
[-2,4,0]	 1.06455	 2960.62	   6
[2,-4,0]	 1.06455	 2960.62	   6
[4,-2,0]	 1.06455	 2960.62	   6
[-4,-2,1]	 1.06099	 4234.90	  12
[4,2,-1]	 1.06099	 4234.90	  12
[-2,-4,-1]	 1.06099	 4234.90	  12
[2,4,1] 	 1.06099	 4234.90	  12
[-4,1,-5]	 1.05525	 1328.76	  12
[4,-1,5]	 1.05525	 1328.76	  12
[-1,4,-5]	 1.05525	 1328.76	  12
[1,-4,5]	 1.05525	 1328.76	  12
[-4,-2,-2]	 1.05055	  108.76	  12
[-2,-4,2]	 1.05055	  108.76	  12
[2,4,-2]	 1.05055	  108.76	  12
[4,2,2] 	 1.05055	  108.76	  12
[-2,4,-3]	 1.03380	 2485.76	  12
[2,-4,3]	 1.03380	 2485.76	  12
[-4,2,-3]	 1.03380	 2485.76	  12
[-4,2,3]	 1.03380	 2485.76	  12
[-2,4,3]	 1.03380	 2485.76	  12
[2,-4,-3]	 1.03380	 2485.76	  12
[4,-2,-3]	 1.03380	 2485.76	  12
[4,-2,3]	 1.03380	 2485.76	  12
[-2,-1,11]	 1.03318	 1734.38	  12
[-1,-2,-11]	 1.03318	 1734.38	  12
[1,2,11]	 1.03318	 1734.38	  12
[2,1,-11]	 1.03318	 1734.38	  12
[-1,-1,-12]	 1.03110	  621.92	  12
[1,1,12]	 1.03110	  621.92	  12
[-1,-1,12]	 1.03110	  621.92	  12
[1,1,-12]	 1.03110	  621.92	  12
[-2,2,-10]	 1.02876	   39.82	   6
[2,-2,10]	 1.02876	   39.82	   6
[-2,-3,-8]	 1.02469	    1.28	  12
[-2,3,-8]	 1.02469	  147.86	  12
[2,-3,8]	 1.02469	  147.86	  12
[2,3,8] 	 1.02469	    1.28	  12
[-3,-2,8]	 1.02469	    1.28	  12
[-3,2,-8]	 1.02469	  147.86	  12
[3,-2,8]	 1.02469	  147.86	  12
[3,2,-8]	 1.02469	    1.28	  12
[-4,-1,-6]	 1.01896	 1318.42	  12
[-4,-1,6]	 1.01896	 1318.42	  12
[-1,-4,-6]	 1.01896	 1318.42	  12
[-1,-4,6]	 1.01896	 1318.42	  12
[1,4,-6]	 1.01896	 1318.42	  12
[1,4,6] 	 1.01896	 1318.42	  12
[4,1,-6]	 1.01896	 1318.42	  12
[4,1,6] 	 1.01896	 1318.42	  12
[-4,-2,4]	 1.01164	  977.82	  12
[-2,-4,-4]	 1.01164	  977.82	  12
[2,4,4] 	 1.01164	  977.82	  12
[4,2,-4]	 1.01164	  977.82	  12
[-3,-3,-6]	 0.99639	26559.95	  12
[-3,-3,6]	 0.99639	26559.95	  12
[-3,3,-6]	 0.99639	35144.10	   6
[3,-3,6]	 0.99639	35144.10	   6
[3,3,-6]	 0.99639	26559.95	  12
[3,3,6] 	 0.99639	26559.95	  12
[-3,3,6]	 0.99639	35144.10	   6
[3,-3,-6]	 0.99639	35144.10	   6
[-4,-2,-5]	 0.98514	 6470.35	  12
[4,2,5] 	 0.98514	 6470.35	  12
[-2,-4,5]	 0.98514	 6470.35	  12
[2,4,-5]	 0.98514	 6470.35	  12
[-3,-1,10]	 0.98384	 7487.44	  12
[-3,1,-10]	 0.98384	  665.60	  12
[-1,-3,-10]	 0.98384	 7487.44	  12
[-1,3,-10]	 0.98384	  665.60	  12
[1,-3,10]	 0.98384	  665.60	  12
[1,3,10]	 0.98384	 7487.44	  12
[3,-1,10]	 0.98384	  665.60	  12
[3,1,-10]	 0.98384	 7487.44	  12
[-4,1,7]	 0.98054	  126.89	  12
[-1,4,7]	 0.98054	  126.89	  12
[1,-4,-7]	 0.98054	  126.89	  12
[4,-1,-7]	 0.98054	  126.89	  12
[-2,1,-12]	 0.96541	  621.92	  12
[-1,2,-12]	 0.96541	  621.92	  12
[-1,2,12]	 0.96541	  621.92	  12
[1,-2,-12]	 0.96541	  621.92	  12
[1,-2,12]	 0.96541	  621.92	  12
[2,-1,12]	 0.96541	  621.92	  12
[-2,1,12]	 0.96541	  621.92	  12
[2,-1,-12]	 0.96541	  621.92	  12
[0,-4,-8]	 0.96014	 1907.16	   6
[0,4,8] 	 0.96014	 1907.16	   6
[-4,0,8]	 0.96014	 1907.16	   6
[4,0,-8]	 0.96014	 1907.16	   6
[-4,2,-6]	 0.95542	 2120.48	  12
[-2,4,-6]	 0.95542	 2120.48	  12
[2,-4,6]	 0.95542	 2120.48	  12
[4,-2,6]	 0.95542	 2120.48	  12
[-4,2,6]	 0.95542	 2120.48	  12
[-2,4,6]	 0.95542	 2120.48	  12
[2,-4,-6]	 0.95542	 2120.48	  12
[4,-2,-6]	 0.95542	 2120.48	  12
[-4,-3,-1]	 0.94962	  275.28	  12
[-4,3,-1]	 0.94962	  869.69	  12
[-3,-4,1]	 0.94962	  275.28	  12
[-3,4,-1]	 0.94962	  869.69	  12
[3,-4,1]	 0.94962	  869.69	  12
[3,4,-1]	 0.94962	  275.28	  12
[4,-3,1]	 0.94962	  869.69	  12
[4,3,1] 	 0.94962	  275.28	  12
[-5,0,-2]	 0.94210	   73.12	   6
[-4,-3,2]	 0.94210	 2090.51	  12
[-4,3,2]	 0.94210	  666.02	  12
[-3,-4,-2]	 0.94210	 2090.51	  12
[-3,4,2]	 0.94210	  666.02	  12
[0,-5,2]	 0.94210	   73.12	   6
[0,5,-2]	 0.94210	   73.12	   6
[3,-4,-2]	 0.94210	  666.02	  12
[3,4,2] 	 0.94210	 2090.51	  12
[4,-3,-2]	 0.94210	  666.02	  12
[4,3,-2]	 0.94210	 2090.51	  12
[5,0,2] 	 0.94210	   73.12	   6
[-4,1,-8]	 0.94119	  956.45	  12
[-1,4,-8]	 0.94119	  956.45	  12
[1,-4,8]	 0.94119	  956.45	  12
[4,-1,8]	 0.94119	  956.45	  12
[-5,1,0]	 0.93367	 1795.56	  12
[-1,5,0]	 0.93367	 1795.56	  12
[1,-5,0]	 0.93367	 1795.56	  12
[5,-1,0]	 0.93367	 1795.56	  12
[-5,-1,-1]	 0.93127	 7368.34	  12
[-1,-5,1]	 0.93127	 7368.34	  12
[1,5,-1]	 0.93127	 7368.34	  12
[5,1,1] 	 0.93127	 7368.34	  12
[-3,-1,-11]	 0.92951	  869.69	  12
[-1,-3,11]	 0.92951	  869.69	  12
[1,3,-11]	 0.92951	  869.69	  12
[3,1,11]	 0.92951	  869.69	  12
[-3,1,11]	 0.92951	 1734.38	  12
[-1,3,11]	 0.92951	 1734.38	  12
[1,-3,-11]	 0.92951	 1734.38	  12
[3,-1,-11]	 0.92951	 1734.38	  12
[-3,-2,-10]	 0.92629	  296.04	  12
[-3,2,10]	 0.92629	  665.60	  12
[-2,-3,10]	 0.92629	  296.04	  12
[-2,3,10]	 0.92629	  665.60	  12
[2,-3,-10]	 0.92629	  665.60	  12
[2,3,-10]	 0.92629	  296.04	  12
[3,-2,-10]	 0.92629	  665.60	  12
[3,2,10]	 0.92629	  296.04	  12
[-5,-1,2]	 0.92418	   21.33	  12
[-1,-5,-2]	 0.92418	   21.33	  12
[1,5,2] 	 0.92418	   21.33	  12
[5,1,-2]	 0.92418	   21.33	  12
[-2,-4,-7]	 0.92354	  617.86	  12
[2,4,7] 	 0.92354	  617.86	  12
[-4,-2,7]	 0.92354	  617.86	  12
[4,2,-7]	 0.92354	  617.86	  12
[-5,0,4]	 0.91374	  339.30	   6
[-4,-3,-4]	 0.91374	15294.17	  12
[-4,3,-4]	 0.91374	 5116.83	  12
[-3,-4,4]	 0.91374	15294.17	  12
[-3,4,-4]	 0.91374	 5116.83	  12
[0,-5,-4]	 0.91374	  339.30	   6
[0,5,4] 	 0.91374	  339.30	   6
[3,-4,4]	 0.91374	 5116.83	  12
[3,4,-4]	 0.91374	15294.17	  12
[4,-3,4]	 0.91374	 5116.83	  12
[4,3,4] 	 0.91374	15294.17	  12
[5,0,-4]	 0.91374	  339.30	   6
[-5,1,-3]	 0.91272	 2168.73	  12
[-5,1,3]	 0.91272	 2168.73	  12
[-1,5,-3]	 0.91272	 2168.73	  12
[1,-5,3]	 0.91272	 2168.73	  12
[5,-1,-3]	 0.91272	 2168.73	  12
[5,-1,3]	 0.91272	 2168.73	  12
[-1,5,3]	 0.91272	 2168.73	  12
[1,-5,-3]	 0.91272	 2168.73	  12
[-1,0,14]	 0.91126	 2897.19	   6
[0,-1,-14]	 0.91126	 2897.19	   6
[0,1,14]	 0.91126	 2897.19	   6
[1,0,-14]	 0.91126	 2897.19	   6
[-2,-2,-12]	 0.91086	  537.34	  12
[2,2,12]	 0.91086	  537.34	  12
[-2,-2,12]	 0.91086	  537.34	  12
[2,2,-12]	 0.91086	  537.34	  12
[-2,-1,-13]	 0.90501	  253.04	  12
[-1,-2,13]	 0.90501	  253.04	  12
[1,2,-13]	 0.90501	  253.04	  12
[2,1,13]	 0.90501	  253.04	  12
[-4,-1,-9]	 0.90186	14864.71	  12
[-1,-4,-9]	 0.90186	14864.71	  12
[-1,-4,9]	 0.90186	14864.71	  12
[1,4,-9]	 0.90186	14864.71	  12
[1,4,9] 	 0.90186	14864.71	  12
[4,1,9] 	 0.90186	14864.71	  12
[-4,-1,9]	 0.90186	14864.71	  12
[4,1,-9]	 0.90186	14864.71	  12
[-5,-1,-4]	 0.89736	   65.99	  12
[-1,-5,4]	 0.89736	   65.99	  12
[1,5,-4]	 0.89736	   65.99	  12
[5,1,4] 	 0.89736	   65.99	  12
[-1,1,-14]	 0.89501	 2897.19	   6
[1,-1,14]	 0.89501	 2897.19	   6
[-3,0,-12]	 0.89463	 4357.94	   6
[0,-3,-12]	 0.89463	 4357.94	   6
[0,3,12]	 0.89463	 4357.94	   6
[3,0,12]	 0.89463	 4357.94	   6
[-3,0,12]	 0.89463	 4357.94	   6
[0,-3,12]	 0.89463	 4357.94	   6
[0,3,-12]	 0.89463	 4357.94	   6
[3,0,-12]	 0.89463	 4357.94	   6
[-4,-3,5]	 0.89407	  420.59	  12
[-3,-4,-5]	 0.89407	  420.59	  12
[3,4,5] 	 0.89407	  420.59	  12
[4,3,-5]	 0.89407	  420.59	  12
[-4,3,5]	 0.89407	 1328.76	  12
[-3,4,5]	 0.89407	 1328.76	  12
[3,-4,-5]	 0.89407	 1328.76	  12
[4,-3,-5]	 0.89407	 1328.76	  12
[-4,-2,-8]	 0.89044	  241.73	  12
[-2,-4,8]	 0.89044	  241.73	  12
[2,4,-8]	 0.89044	  241.73	  12
[4,2,8] 	 0.89044	  241.73	  12
[-3,-3,-9]	 0.88610	   36.73	  12
[3,3,9] 	 0.88610	   36.73	  12
[-3,-3,9]	 0.88610	   36.73	  12
[3,3,-9]	 0.88610	   36.73	  12
[-5,-2,0]	 0.88406	 1494.54	  12
[-2,-5,0]	 0.88406	 1494.54	  12
[2,5,0] 	 0.88406	 1494.54	  12
[5,2,0] 	 0.88406	 1494.54	  12
[-5,2,-1]	 0.88202	 2525.40	  12
[-2,5,-1]	 0.88202	 2525.40	  12
[2,-5,1]	 0.88202	 2525.40	  12
[5,-2,1]	 0.88202	 2525.40	  12
[-2,-3,-11]	 0.88053	 2525.40	  12
[2,3,11]	 0.88053	 2525.40	  12
[-3,-2,11]	 0.88053	 2525.40	  12
[-3,2,-11]	 0.88053	 1734.38	  12
[-2,3,-11]	 0.88053	 1734.38	  12
[2,-3,11]	 0.88053	 1734.38	  12
[3,-2,11]	 0.88053	 1734.38	  12
[3,2,-11]	 0.88053	 2525.40	  12
[-5,-1,5]	 0.87871	11257.82	  12
[-1,-5,-5]	 0.87871	11257.82	  12
[1,5,5] 	 0.87871	11257.82	  12
[5,1,-5]	 0.87871	11257.82	  12
[-4,0,-10]	 0.87779	16325.77	   6
[0,-4,10]	 0.87779	16325.77	   6
[0,4,-10]	 0.87779	16325.77	   6
[4,0,10]	 0.87779	16325.77	   6
[-5,2,2]	 0.87599	   39.05	  12
[-2,5,2]	 0.87599	   39.05	  12
[2,-5,-2]	 0.87599	   39.05	  12
[5,-2,-2]	 0.87599	   39.05	  12
[-5,-2,-3]	 0.86621	 1368.98	  12
[-5,-2,3]	 0.86621	 1368.98	  12
[-2,-5,-3]	 0.86621	 1368.98	  12
[-2,-5,3]	 0.86621	 1368.98	  12
[2,5,-3]	 0.86621	 1368.98	  12
[2,5,3] 	 0.86621	 1368.98	  12
[5,2,-3]	 0.86621	 1368.98	  12
[5,2,3] 	 0.86621	 1368.98	  12
[-2,0,-14]	 0.86496	   86.40	   6
[0,-2,14]	 0.86496	   86.40	   6
[0,2,-14]	 0.86496	   86.40	   6
[2,0,14]	 0.86496	   86.40	   6
[-4,1,10]	 0.86324	 7487.44	  12
[-1,4,10]	 0.86324	 7487.44	  12
[1,-4,-10]	 0.86324	 7487.44	  12
[4,-1,-10]	 0.86324	 7487.44	  12
[-5,1,-6]	 0.85742	 1318.42	  12
[-5,1,6]	 0.85742	 1318.42	  12
[-1,5,-6]	 0.85742	 1318.42	  12
[1,-5,6]	 0.85742	 1318.42	  12
[5,-1,-6]	 0.85742	 1318.42	  12
[5,-1,6]	 0.85742	 1318.42	  12
[-1,5,6]	 0.85742	 1318.42	  12
[1,-5,-6]	 0.85742	 1318.42	  12
[-2,4,-9]	 0.85691	17037.68	  12
[2,-4,9]	 0.85691	17037.68	  12
[-4,2,-9]	 0.85691	17037.68	  12
[-4,2,9]	 0.85691	17037.68	  12
[-2,4,9]	 0.85691	17037.68	  12
[2,-4,-9]	 0.85691	17037.68	  12
[4,-2,-9]	 0.85691	17037.68	  12
[4,-2,9]	 0.85691	17037.68	  12
[-5,2,-4]	 0.85305	  153.56	  12
[-2,5,-4]	 0.85305	  153.56	  12
[2,-5,4]	 0.85305	  153.56	  12
[5,-2,4]	 0.85305	  153.56	  12
[-1,-2,-14]	 0.85103	  628.09	  12
[1,2,14]	 0.85103	  628.09	  12
[-2,-1,14]	 0.85103	  628.09	  12
[2,1,-14]	 0.85103	  628.09	  12
[-4,-3,-7]	 0.84726	   40.16	  12
[4,3,7] 	 0.84726	   40.16	  12
[-4,3,-7]	 0.84726	  126.89	  12
[-3,-4,7]	 0.84726	   40.16	  12
[-3,4,-7]	 0.84726	  126.89	  12
[3,-4,7]	 0.84726	  126.89	  12
[3,4,-7]	 0.84726	   40.16	  12
[4,-3,7]	 0.84726	  126.89	  12
[-4,-4,0]	 0.84160	   81.69	   6
[4,4,0] 	 0.84160	   81.69	   6
[-1,-1,-15]	 0.83917	31105.29	  12
[1,1,15]	 0.83917	31105.29	  12
[-1,-1,15]	 0.83917	31105.29	  12
[1,1,-15]	 0.83917	31105.29	  12
[-5,2,5]	 0.83698	 3858.47	  12
[-2,5,5]	 0.83698	 3858.47	  12
[2,-5,-5]	 0.83698	 3858.47	  12
[5,-2,-5]	 0.83698	 3858.47	  12
[-4,4,-2]	 0.83463	 1486.25	   6
[4,-4,2]	 0.83463	 1486.25	   6
[-5,-1,-7]	 0.83415	 1075.03	  12
[-1,-5,7]	 0.83415	 1075.03	  12
[1,5,-7]	 0.83415	 1075.03	  12
[5,1,7] 	 0.83415	 1075.03	  12
[-3,1,-13]	 0.83289	  253.04	  12
[-1,-3,-13]	 0.83289	  126.89	  12
[1,3,13]	 0.83289	  126.89	  12
[3,-1,13]	 0.83289	  253.04	  12
[-3,-1,13]	 0.83289	  126.89	  12
[-1,3,-13]	 0.83289	  253.04	  12
[1,-3,13]	 0.83289	  253.04	  12
[3,1,-13]	 0.83289	  126.89	  12
[-4,-4,-3]	 0.82616	 1403.61	  12
[-4,-4,3]	 0.82616	 1403.61	  12
[4,4,-3]	 0.82616	 1403.61	  12
[4,4,3] 	 0.82616	 1403.61	  12
[-4,1,-11]	 0.82584	  869.69	  12
[-1,4,-11]	 0.82584	  869.69	  12
[1,-4,11]	 0.82584	  869.69	  12
[4,-1,11]	 0.82584	  869.69	  12
[-2,-4,-10]	 0.82358	 1351.56	  12
[2,4,10]	 0.82358	 1351.56	  12
[-4,-2,10]	 0.82358	 1351.56	  12
[4,2,-10]	 0.82358	 1351.56	  12
[-3,-4,-8]	 0.82149	 2584.84	  12
[3,4,8] 	 0.82149	 2584.84	  12
[-5,0,-8]	 0.82149	   11.78	   6
[-4,-3,8]	 0.82149	 2584.84	  12
[-3,4,8]	 0.82149	  956.45	  12
[0,-5,8]	 0.82149	   11.78	   6
[0,5,-8]	 0.82149	   11.78	   6
[3,-4,-8]	 0.82149	  956.45	  12
[4,3,-8]	 0.82149	 2584.84	  12
[5,0,8] 	 0.82149	   11.78	   6
[-4,3,8]	 0.82149	  956.45	  12
[4,-3,-8]	 0.82149	  956.45	  12
[-5,-2,-6]	 0.81852	 1109.21	  12
[-2,-5,-6]	 0.81852	 1109.21	  12
[-2,-5,6]	 0.81852	 1109.21	  12
[2,5,-6]	 0.81852	 1109.21	  12
[2,5,6] 	 0.81852	 1109.21	  12
[5,2,6] 	 0.81852	 1109.21	  12
[-5,-2,6]	 0.81852	 1109.21	  12
[5,2,-6]	 0.81852	 1109.21	  12
[-3,-5,-1]	 0.81486	 2843.79	  12
[3,5,1] 	 0.81486	 2843.79	  12
[-5,-3,1]	 0.81486	 2843.79	  12
[-5,3,1]	 0.81486	 2525.40	  12
[-3,5,1]	 0.81486	 2525.40	  12
[3,-5,-1]	 0.81486	 2525.40	  12
[5,-3,-1]	 0.81486	 2525.40	  12
[5,3,-1]	 0.81486	 2843.79	  12
[-4,4,4]	 0.81472	11003.54	   6
[4,-4,-4]	 0.81472	11003.54	   6
[-2,2,14]	 0.81295	   86.40	   6
[2,-2,-14]	 0.81295	   86.40	   6
[-3,-5,2]	 0.81010	  120.88	  12
[3,5,-2]	 0.81010	  120.88	  12
[-5,-3,-2]	 0.81010	  120.88	  12
[-5,3,-2]	 0.81010	   39.05	  12
[5,-3,2]	 0.81010	   39.05	  12
[5,3,2] 	 0.81010	  120.88	  12
[-3,5,-2]	 0.81010	   39.05	  12
[3,-5,2]	 0.81010	   39.05	  12
[-5,-1,8]	 0.80952	    0.25	  12
[-1,-5,-8]	 0.80952	    0.25	  12
[1,5,8] 	 0.80952	    0.25	  12
[5,1,-8]	 0.80952	    0.25	  12
[-2,1,-15]	 0.80260	31105.29	  12
[-2,1,15]	 0.80260	31105.29	  12
[-1,2,-15]	 0.80260	31105.29	  12
[-1,2,15]	 0.80260	31105.29	  12
[1,-2,-15]	 0.80260	31105.29	  12
[1,-2,15]	 0.80260	31105.29	  12
[2,-1,-15]	 0.80260	31105.29	  12
[2,-1,15]	 0.80260	31105.29	  12
[-1,0,-16]	 0.80079	 1943.55	   6
[0,-1,16]	 0.80079	 1943.55	   6
[0,1,-16]	 0.80079	 1943.55	   6
[1,0,16]	 0.80079	 1943.55	   6
[-5,2,-7]	 0.79821	  368.45	  12
[-2,5,-7]	 0.79821	  368.45	  12
[2,-5,7]	 0.79821	  368.45	  12
[5,-2,7]	 0.79821	  368.45	  12
[-3,-2,-13]	 0.79710	  368.45	  12
[3,2,13]	 0.79710	  368.45	  12
[-3,2,13]	 0.79710	  253.04	  12
[-2,-3,13]	 0.79710	  368.45	  12
[-2,3,13]	 0.79710	  253.04	  12
[2,-3,-13]	 0.79710	  253.04	  12
[2,3,-13]	 0.79710	  368.45	  12
[3,-2,-13]	 0.79710	  253.04	  12
[-6,0,0]	 0.79347	36001.33	   6
[0,-6,0]	 0.79347	36001.33	   6
[0,6,0] 	 0.79347	36001.33	   6
[6,0,0] 	 0.79347	36001.33	   6
[-3,-5,-4]	 0.79186	  615.87	  12
[3,5,4] 	 0.79186	  615.87	  12
[-5,-3,4]	 0.79186	  615.87	  12
[-5,3,4]	 0.79186	  153.56	  12
[-3,5,4]	 0.79186	  153.56	  12
[3,-5,-4]	 0.79186	  153.56	  12
[5,-3,-4]	 0.79186	  153.56	  12
[5,3,-4]	 0.79186	  615.87	  12
[-4,-2,-11]	 0.79091	 4234.90	  12
[4,2,11]	 0.79091	 4234.90	  12
[-2,-4,11]	 0.79091	 4234.90	  12
[2,4,-11]	 0.79091	 4234.90	  12
[-3,-1,-14]	 0.79024	 5504.75	  12
[3,1,14]	 0.79024	 5504.75	  12
[-3,1,14]	 0.79024	  628.09	  12
[-1,-3,14]	 0.79024	 5504.75	  12
[-1,3,14]	 0.79024	  628.09	  12
[1,-3,-14]	 0.79024	  628.09	  12
[1,3,-14]	 0.79024	 5504.75	  12
[3,-1,-14]	 0.79024	  628.09	  12
[-4,-1,-12]	 0.78998	  378.72	  12
[-1,-4,-12]	 0.78998	  378.72	  12
[1,4,12]	 0.78998	  378.72	  12
[4,1,12]	 0.78998	  378.72	  12
[-4,-1,12]	 0.78998	  378.72	  12
[-1,-4,12]	 0.78998	  378.72	  12
[1,4,-12]	 0.78998	  378.72	  12
[4,1,-12]	 0.78998	  378.72	  12
[-1,1,16]	 0.78970	 1943.55	   6
[1,-1,-16]	 0.78970	 1943.55	   6
[-4,-4,-6]	 0.78448	   87.25	  12
[-4,-4,6]	 0.78448	   87.25	  12
[4,4,-6]	 0.78448	   87.25	  12
[4,4,6] 	 0.78448	   87.25	  12
[-5,1,-9]	 0.78408	14864.71	  12
[5,-1,9]	 0.78408	14864.71	  12
[-5,1,9]	 0.78408	14864.71	  12
[-1,5,-9]	 0.78408	14864.71	  12
[-1,5,9]	 0.78408	14864.71	  12
[1,-5,-9]	 0.78408	14864.71	  12
[1,-5,9]	 0.78408	14864.71	  12
[5,-1,-9]	 0.78408	14864.71	  12
[-6,-1,1]	 0.78126	 1601.75	  12
[-6,1,-1]	 0.78126	 7368.34	  12
[-1,-6,-1]	 0.78126	 1601.75	  12
[1,6,1] 	 0.78126	 1601.75	  12
[6,-1,1]	 0.78126	 7368.34	  12
[6,1,-1]	 0.78126	 1601.75	  12
[-1,6,-1]	 0.78126	 7368.34	  12
[1,-6,1]	 0.78126	 7368.34	  12
[-3,-3,-12]	 0.77932	 3210.17	  12
[3,3,12]	 0.77932	 3210.17	  12
[-3,-3,12]	 0.77932	 3210.17	  12
[-3,3,-12]	 0.77932	 4357.94	   6
[-3,3,12]	 0.77932	 4357.94	   6
[3,-3,-12]	 0.77932	 4357.94	   6
[3,-3,12]	 0.77932	 4357.94	   6
[3,3,-12]	 0.77932	 3210.17	  12
[-5,-3,-5]	 0.77895	 4344.93	  12
[-5,3,-5]	 0.77895	 3858.47	  12
[-3,-5,5]	 0.77895	 4344.93	  12
[-3,5,-5]	 0.77895	 3858.47	  12
[3,-5,5]	 0.77895	 3858.47	  12
[3,5,-5]	 0.77895	 4344.93	  12
[5,-3,5]	 0.77895	 3858.47	  12
[5,3,5] 	 0.77895	 4344.93	  12
[-6,-1,-2]	 0.77706	  817.14	  12
[-6,1,2]	 0.77706	   21.33	  12
[-1,-6,2]	 0.77706	  817.14	  12
[-1,6,2]	 0.77706	   21.33	  12
[1,-6,-2]	 0.77706	   21.33	  12
[1,6,-2]	 0.77706	  817.14	  12
[6,-1,-2]	 0.77706	   21.33	  12
[6,1,2] 	 0.77706	  817.14	  12
[-5,2,8]	 0.77654	    1.28	  12
[5,-2,-8]	 0.77654	    1.28	  12
[-2,5,8]	 0.77654	    1.28	  12
[2,-5,-8]	 0.77654	    1.28	  12
[-2,-2,-15]	 0.77043	26031.26	  12
[-2,-2,15]	 0.77043	26031.26	  12
[2,2,-15]	 0.77043	26031.26	  12
[2,2,15]	 0.77043	26031.26	  12
[-2,0,16]	 0.76883	    0.20	   6
[0,-2,-16]	 0.76883	    0.20	   6
[0,2,16]	 0.76883	    0.20	   6
[2,0,-16]	 0.76883	    0.20	   6
[-4,-3,-10]	 0.76811	22793.63	  12
[4,3,10]	 0.76811	22793.63	  12
[-4,3,-10]	 0.76811	 7487.44	  12
[-3,-4,10]	 0.76811	22793.63	  12
[-3,4,-10]	 0.76811	 7487.44	  12
[0,-5,-10]	 0.76811	  607.96	   6
[0,5,10]	 0.76811	  607.96	   6
[3,-4,10]	 0.76811	 7487.44	  12
[3,4,-10]	 0.76811	22793.63	  12
[4,-3,10]	 0.76811	 7487.44	  12
[-5,0,10]	 0.76811	  607.96	   6
[5,0,-10]	 0.76811	  607.96	   6
[-6,-1,4]	 0.76091	 6210.36	  12
[-6,1,-4]	 0.76091	   65.99	  12
[-1,-6,-4]	 0.76091	 6210.36	  12
[-1,6,-4]	 0.76091	   65.99	  12
[1,-6,4]	 0.76091	   65.99	  12
[1,6,4] 	 0.76091	 6210.36	  12
[6,-1,4]	 0.76091	   65.99	  12
[6,1,-4]	 0.76091	 6210.36	  12
[-2,-3,-14]	 0.75947	   94.68	  12
[2,3,14]	 0.75947	   94.68	  12
[-3,-2,14]	 0.75947	   94.68	  12
[-3,2,-14]	 0.75947	  628.09	  12
[-2,3,-14]	 0.75947	  628.09	  12
[2,-3,14]	 0.75947	  628.09	  12
[3,-2,14]	 0.75947	  628.09	  12
[3,2,-14]	 0.75947	   94.68	  12
[-4,2,-12]	 0.75924	  537.34	  12
[-4,2,12]	 0.75924	  537.34	  12
[-2,4,-12]	 0.75924	  537.34	  12
[-2,4,12]	 0.75924	  537.34	  12
[2,-4,-12]	 0.75924	  537.34	  12
[2,-4,12]	 0.75924	  537.34	  12
[4,-2,-12]	 0.75924	  537.34	  12
[4,-2,12]	 0.75924	  537.34	  12
[-2,-1,-16]	 0.75900	  234.76	  12
[-1,-2,16]	 0.75900	  234.76	  12
[1,2,-16]	 0.75900	  234.76	  12
[2,1,16]	 0.75900	  234.76	  12
[-5,-1,-10]	 0.75831	  142.32	  12
[5,1,10]	 0.75831	  142.32	  12
[-1,-5,10]	 0.75831	  142.32	  12
[1,5,-10]	 0.75831	  142.32	  12
[-4,1,13]	 0.75585	  126.89	  12
[-1,4,13]	 0.75585	  126.89	  12
[1,-4,-13]	 0.75585	  126.89	  12
[4,-1,-13]	 0.75585	  126.89	  12
[-5,-2,-9]	 0.75401	 9383.15	  12
[5,2,9] 	 0.75401	 9383.15	  12
[-2,-5,-9]	 0.75401	 9383.15	  12
[-2,-5,9]	 0.75401	 9383.15	  12
[2,5,-9]	 0.75401	 9383.15	  12
[2,5,9] 	 0.75401	 9383.15	  12
[-5,-2,9]	 0.75401	 9383.15	  12
[5,2,-9]	 0.75401	 9383.15	  12
[-2,-6,1]	 0.75149	 9510.23	  12
[2,6,-1]	 0.75149	 9510.23	  12
[-6,-2,-1]	 0.75149	 9510.23	  12
[-6,2,1]	 0.75149	 4234.90	  12
[-2,6,1]	 0.75149	 4234.90	  12
[2,-6,-1]	 0.75149	 4234.90	  12
[6,-2,-1]	 0.75149	 4234.90	  12
[6,2,1] 	 0.75149	 9510.23	  12
[-6,-1,-5]	 0.74944	 2447.26	  12
[-6,1,5]	 0.74944	11257.82	  12
[-1,-6,5]	 0.74944	 2447.26	  12
[1,6,-5]	 0.74944	 2447.26	  12
[6,-1,-5]	 0.74944	11257.82	  12
[6,1,5] 	 0.74944	 2447.26	  12
[-1,6,5]	 0.74944	11257.82	  12
[1,-6,-5]	 0.74944	11257.82	  12
[-2,-6,-2]	 0.74775	  171.19	  12
[2,6,2] 	 0.74775	  171.19	  12
[-6,-2,2]	 0.74775	  171.19	  12
[-6,2,-2]	 0.74775	  108.76	  12
[-2,6,-2]	 0.74775	  108.76	  12
[2,-6,2]	 0.74775	  108.76	  12
[6,-2,2]	 0.74775	  108.76	  12
[6,2,-2]	 0.74775	  171.19	  12
[-5,-3,7]	 0.74741	  414.90	  12
[-5,3,7]	 0.74741	  368.45	  12
[-3,-5,-7]	 0.74741	  414.90	  12
[3,5,7] 	 0.74741	  414.90	  12
[5,-3,-7]	 0.74741	  368.45	  12
[5,3,-7]	 0.74741	  414.90	  12
[-3,5,7]	 0.74741	  368.45	  12
[3,-5,-7]	 0.74741	  368.45	  12
[-4,4,-8]	 0.74729	 1907.16	   6
[4,-4,8]	 0.74729	 1907.16	   6
[-6,0,-6]	 0.74506	22944.44	   6
[-6,0,6]	 0.74506	22944.44	   6
[0,-6,-6]	 0.74506	22944.44	   6
[0,-6,6]	 0.74506	22944.44	   6
[0,6,-6]	 0.74506	22944.44	   6
[0,6,6] 	 0.74506	22944.44	   6
[6,0,-6]	 0.74506	22944.44	   6
[6,0,6] 	 0.74506	22944.44	   6
[-5,4,0]	 0.74351	 1795.56	  12
[-4,5,0]	 0.74351	 1795.56	  12
[4,-5,0]	 0.74351	 1795.56	  12
[5,-4,0]	 0.74351	 1795.56	  12
[-5,-4,-1]	 0.74230	 9711.53	  12
[5,4,1] 	 0.74230	 9711.53	  12
[-4,-5,1]	 0.74230	 9711.53	  12
[4,5,-1]	 0.74230	 9711.53	  12
[-3,-4,-11]	 0.74141	  275.28	  12
[3,4,11]	 0.74141	  275.28	  12
[-4,-3,11]	 0.74141	  275.28	  12
[-3,4,11]	 0.74141	  869.69	  12
[3,-4,-11]	 0.74141	  869.69	  12
[4,3,-11]	 0.74141	  275.28	  12
[-4,3,11]	 0.74141	  869.69	  12
[4,-3,-11]	 0.74141	  869.69	  12
[-5,-4,2]	 0.73869	   16.29	  12
[-4,-5,-2]	 0.73869	   16.29	  12
[4,5,2] 	 0.73869	   16.29	  12
[5,4,-2]	 0.73869	   16.29	  12
[-6,-2,-4]	 0.73333	  917.29	  12
[-6,2,4]	 0.73333	  977.82	  12
[-2,-6,4]	 0.73333	  917.29	  12
[-2,6,4]	 0.73333	  977.82	  12
[2,-6,-4]	 0.73333	  977.82	  12
[2,6,-4]	 0.73333	  917.29	  12
[6,-2,-4]	 0.73333	  977.82	  12
[6,2,4] 	 0.73333	  917.29	  12
[-5,4,-3]	 0.73280	 2168.73	  12
[-5,4,3]	 0.73280	 2168.73	  12
[-4,5,-3]	 0.73280	 2168.73	  12
[-4,5,3]	 0.73280	 2168.73	  12
[4,-5,-3]	 0.73280	 2168.73	  12
[4,-5,3]	 0.73280	 2168.73	  12
[5,-4,-3]	 0.73280	 2168.73	  12
[5,-4,3]	 0.73280	 2168.73	  12
[-1,-5,-11]	 0.73258	 7368.34	  12
[1,5,11]	 0.73258	 7368.34	  12
[-5,-1,11]	 0.73258	 7368.34	  12
[5,1,-11]	 0.73258	 7368.34	  12
[0,-4,-14]	 0.73204	11569.09	   6
[0,4,14]	 0.73204	11569.09	   6
[-4,0,14]	 0.73204	11569.09	   6
[4,0,-14]	 0.73204	11569.09	   6
[-2,2,-16]	 0.73162	    0.20	   6
[2,-2,16]	 0.73162	    0.20	   6
[-5,2,-10]	 0.73100	  296.04	  12
[5,-2,10]	 0.73100	  296.04	  12
[-2,5,-10]	 0.73100	  296.04	  12
[2,-5,10]	 0.73100	  296.04	  12
[-5,-3,-8]	 0.72954	   34.52	  12
[-5,3,-8]	 0.72954	    1.28	  12
[-3,-5,8]	 0.72954	   34.52	  12
[-3,5,-8]	 0.72954	    1.28	  12
[3,-5,8]	 0.72954	    1.28	  12
[3,5,-8]	 0.72954	   34.52	  12
[5,-3,8]	 0.72954	    1.28	  12
[5,3,8] 	 0.72954	   34.52	  12
[-2,-4,-13]	 0.72880	  617.86	  12
[2,4,13]	 0.72880	  617.86	  12
[-4,-2,13]	 0.72880	  617.86	  12
[4,2,-13]	 0.72880	  617.86	  12
[-4,-4,-9]	 0.72714	 9620.51	  12
[4,4,9] 	 0.72714	 9620.51	  12
[-4,-4,9]	 0.72714	 9620.51	  12
[4,4,-9]	 0.72714	 9620.51	  12
[-5,-4,-4]	 0.72478	   43.55	  12
[5,4,4] 	 0.72478	   43.55	  12
[-4,-5,4]	 0.72478	   43.55	  12
[4,5,-4]	 0.72478	   43.55	  12
[-4,1,-14]	 0.72354	 5504.75	  12
[4,-1,14]	 0.72354	 5504.75	  12
[-1,4,-14]	 0.72354	 5504.75	  12
[1,-4,14]	 0.72354	 5504.75	  12
[-2,-6,-5]	 0.72305	14530.34	  12
[2,6,5] 	 0.72305	14530.34	  12
[-6,-2,5]	 0.72305	14530.34	  12
[-6,2,-5]	 0.72305	 6470.35	  12
[-2,6,-5]	 0.72305	 6470.35	  12
[2,-6,5]	 0.72305	 6470.35	  12
[6,-2,5]	 0.72305	 6470.35	  12
[6,2,-5]	 0.72305	14530.34	  12
[0,0,-18]	 0.72211	 7438.68	   2
[0,0,18]	 0.72211	 7438.68	   2
[-6,-1,7]	 0.72122	  233.69	  12
[-6,1,-7]	 0.72122	 1075.03	  12
[-1,-6,-7]	 0.72122	  233.69	  12
[-1,6,-7]	 0.72122	 1075.03	  12
[1,-6,7]	 0.72122	 1075.03	  12
[1,6,7] 	 0.72122	  233.69	  12
[6,-1,7]	 0.72122	 1075.03	  12
[6,1,-7]	 0.72122	  233.69	  12
[-1,-2,-17]	 0.71959	  253.04	  12
[1,2,17]	 0.71959	  253.04	  12
[-2,-1,17]	 0.71959	  253.04	  12
[2,1,-17]	 0.71959	  253.04	  12
[-3,1,-16]	 0.71493	  234.76	  12
[-1,-3,-16]	 0.71493	 4154.33	  12
[1,3,16]	 0.71493	 4154.33	  12
[3,-1,16]	 0.71493	  234.76	  12
[-3,-1,16]	 0.71493	 4154.33	  12
[-1,3,-16]	 0.71493	  234.76	  12
[1,-3,16]	 0.71493	  234.76	  12
[3,1,-16]	 0.71493	 4154.33	  12
[-5,-4,5]	 0.71485	14837.90	  12
[-4,-5,-5]	 0.71485	14837.90	  12
[4,5,5] 	 0.71485	14837.90	  12
[5,4,-5]	 0.71485	14837.90	  12
[-6,-3,0]	 0.70970	22614.76	  12
[-6,3,0]	 0.70970	41596.63	   6
[-3,-6,0]	 0.70970	22614.76	  12
[3,6,0] 	 0.70970	22614.76	  12
[6,-3,0]	 0.70970	41596.63	   6
[6,3,0] 	 0.70970	22614.76	  12
[-3,6,0]	 0.70970	41596.63	   6
[3,-6,0]	 0.70970	41596.63	   6
[-5,2,11]	 0.70787	 2525.40	  12
[-2,5,11]	 0.70787	 2525.40	  12
[2,-5,-11]	 0.70787	 2525.40	  12
[5,-2,-11]	 0.70787	 2525.40	  12
[-5,1,-12]	 0.70720	  378.72	  12
[-1,5,-12]	 0.70720	  378.72	  12
[-1,5,12]	 0.70720	  378.72	  12
[1,-5,-12]	 0.70720	  378.72	  12
[1,-5,12]	 0.70720	  378.72	  12
[5,-1,12]	 0.70720	  378.72	  12
[-5,1,12]	 0.70720	  378.72	  12
[5,-1,-12]	 0.70720	  378.72	  12
[-4,4,10]	 0.70644	16325.77	   6
[4,-4,-10]	 0.70644	16325.77	   6
[-1,-1,-18]	 0.70604	   93.51	  12
[-1,-1,18]	 0.70604	   93.51	  12
[1,1,-18]	 0.70604	   93.51	  12
[1,1,18]	 0.70604	   93.51	  12
[-6,-1,-8]	 0.70512	 1136.02	  12
[-6,1,8]	 0.70512	    0.25	  12
[-1,-6,8]	 0.70512	 1136.02	  12
[-1,6,8]	 0.70512	    0.25	  12
[1,-6,-8]	 0.70512	    0.25	  12
[1,6,-8]	 0.70512	 1136.02	  12
[6,-1,-8]	 0.70512	    0.25	  12
[6,1,8] 	 0.70512	 1136.02	  12
[-5,4,-6]	 0.70324	 1318.42	  12
[-5,4,6]	 0.70324	 1318.42	  12
[-4,5,-6]	 0.70324	 1318.42	  12
[4,-5,6]	 0.70324	 1318.42	  12
[5,-4,-6]	 0.70324	 1318.42	  12
[5,-4,6]	 0.70324	 1318.42	  12
[-4,5,6]	 0.70324	 1318.42	  12
[4,-5,-6]	 0.70324	 1318.42	  12
[-3,-6,-3]	 0.70036	   41.09	  12
[-3,-6,3]	 0.70036	   41.09	  12
[3,6,-3]	 0.70036	   41.09	  12
[3,6,3] 	 0.70036	   41.09	  12
[-6,-3,-3]	 0.70036	   41.09	  12
[-6,-3,3]	 0.70036	   41.09	  12
[-6,3,-3]	 0.70036	    5.36	  12
[-6,3,3]	 0.70036	    5.36	  12
[6,-3,-3]	 0.70036	    5.36	  12
[6,-3,3]	 0.70036	    5.36	  12
[6,3,-3]	 0.70036	   41.09	  12
[6,3,3] 	 0.70036	   41.09	  12
[-3,6,-3]	 0.70036	    5.36	  12
[-3,6,3]	 0.70036	    5.36	  12
[3,-6,-3]	 0.70036	    5.36	  12
[3,-6,3]	 0.70036	    5.36	  12
[-4,-2,-14]	 0.69970	 1151.39	  12
[4,2,14]	 0.69970	 1151.39	  12
[-2,-4,14]	 0.69970	 1151.39	  12
[2,4,-14]	 0.69970	 1151.39	  12
[-6,-2,-7]	 0.69761	 1387.52	  12
[-6,2,7]	 0.69761	  617.86	  12
[-2,-6,7]	 0.69761	 1387.52	  12
[-2,6,7]	 0.69761	  617.86	  12
[2,-6,-7]	 0.69761	  617.86	  12
[2,6,-7]	 0.69761	 1387.52	  12
[6,-2,-7]	 0.69761	  617.86	  12
[6,2,7] 	 0.69761	 1387.52	  12
[-4,-1,-15]	 0.69307	22711.26	  12
[-1,-4,-15]	 0.69307	22711.26	  12
[1,4,15]	 0.69307	22711.26	  12
[4,1,15]	 0.69307	22711.26	  12
[-4,-1,15]	 0.69307	22711.26	  12
[-1,-4,15]	 0.69307	22711.26	  12
[1,4,-15]	 0.69307	22711.26	  12
[4,1,-15]	 0.69307	22711.26	  12
[-3,-2,-16]	 0.69191	  379.08	  12
[-2,3,16]	 0.69191	  234.76	  12
[2,-3,-16]	 0.69191	  234.76	  12
[3,2,16]	 0.69191	  379.08	  12
[-3,2,16]	 0.69191	  234.76	  12
[-2,-3,16]	 0.69191	  379.08	  12
[2,3,-16]	 0.69191	  379.08	  12
[3,-2,-16]	 0.69191	  234.76	  12
[-3,-5,-10]	 0.69138	 1060.38	  12
[3,5,10]	 0.69138	 1060.38	  12
[-5,-3,10]	 0.69138	 1060.38	  12
[-5,3,10]	 0.69138	  296.04	  12
[-3,5,10]	 0.69138	  296.04	  12
[3,-5,-10]	 0.69138	  296.04	  12
[5,-3,-10]	 0.69138	  296.04	  12
[5,3,-10]	 0.69138	 1060.38	  12
[-5,-4,-7]	 0.69023	 1416.89	  12
[5,4,7] 	 0.69023	 1416.89	  12
[-4,-5,7]	 0.69023	 1416.89	  12
[4,5,-7]	 0.69023	 1416.89	  12
[-4,-3,-13]	 0.68952	   40.16	  12
[4,3,13]	 0.68952	   40.16	  12
[-4,3,-13]	 0.68952	  126.89	  12
[-3,-4,13]	 0.68952	   40.16	  12
[-3,4,-13]	 0.68952	  126.89	  12
[3,-4,13]	 0.68952	  126.89	  12
[3,4,-13]	 0.68952	   40.16	  12
[4,-3,13]	 0.68952	  126.89	  12
[-3,-3,-15]	 0.68584	   56.11	  12
[3,3,15]	 0.68584	   56.11	  12
[-3,-3,15]	 0.68584	   56.11	  12
[3,3,-15]	 0.68584	   56.11	  12
[-5,-2,-12]	 0.68489	  335.36	  12
[-2,-5,-12]	 0.68489	  335.36	  12
[2,5,12]	 0.68489	  335.36	  12
[5,2,12]	 0.68489	  335.36	  12
[-2,-5,12]	 0.68489	  335.36	  12
[2,5,-12]	 0.68489	  335.36	  12
[-5,-2,12]	 0.68489	  335.36	  12
[5,2,-12]	 0.68489	  335.36	  12
[-2,1,-18]	 0.68384	   93.51	  12
[-2,1,18]	 0.68384	   93.51	  12
[-1,2,-18]	 0.68384	   93.51	  12
[-1,2,18]	 0.68384	   93.51	  12
[1,-2,-18]	 0.68384	   93.51	  12
[1,-2,18]	 0.68384	   93.51	  12
[2,-1,-18]	 0.68384	   93.51	  12
[2,-1,18]	 0.68384	   93.51	  12
[-6,-2,8]	 0.68301	   63.44	  12
[-6,2,-8]	 0.68301	  241.73	  12
[-2,-6,-8]	 0.68301	   63.44	  12
[-2,6,-8]	 0.68301	  241.73	  12
[2,-6,8]	 0.68301	  241.73	  12
[2,6,8] 	 0.68301	   63.44	  12
[6,-2,8]	 0.68301	  241.73	  12
[6,2,-8]	 0.68301	   63.44	  12
[-5,-1,-13]	 0.68240	 1075.03	  12
[5,1,13]	 0.68240	 1075.03	  12
[-1,-5,13]	 0.68240	 1075.03	  12
[1,5,-13]	 0.68240	 1075.03	  12
[-3,-1,-17]	 0.68171	  126.89	  12
[3,1,17]	 0.68171	  126.89	  12
[-3,1,17]	 0.68171	  253.04	  12
[-1,-3,17]	 0.68171	  126.89	  12
[-1,3,17]	 0.68171	  253.04	  12
[1,-3,-17]	 0.68171	  253.04	  12
[1,3,-17]	 0.68171	  126.89	  12
[3,-1,-17]	 0.68171	  253.04	  12
[-7,0,2]	 0.67642	 3347.42	   6
[0,-7,-2]	 0.67642	 3347.42	   6
[0,7,2] 	 0.67642	 3347.42	   6
[7,0,-2]	 0.67642	 3347.42	   6
[-5,-4,8]	 0.67608	    1.17	  12
[-4,-5,-8]	 0.67608	    1.17	  12
[4,5,8] 	 0.67608	    1.17	  12
[5,4,-8]	 0.67608	    1.17	  12
[-3,-6,-6]	 0.67443	14312.01	  12
[3,6,6] 	 0.67443	14312.01	  12
[-6,-3,-6]	 0.67443	14312.01	  12
[-6,-3,6]	 0.67443	14312.01	  12
[-6,3,-6]	 0.67443	26559.95	  12
[-6,3,6]	 0.67443	26559.95	  12
[-3,-6,6]	 0.67443	14312.01	  12
[-3,6,-6]	 0.67443	26559.95	  12
[-3,6,6]	 0.67443	26559.95	  12
[3,-6,-6]	 0.67443	26559.95	  12
[3,-6,6]	 0.67443	26559.95	  12
[3,6,-6]	 0.67443	14312.01	  12
[6,-3,-6]	 0.67443	26559.95	  12
[6,-3,6]	 0.67443	26559.95	  12
[6,3,-6]	 0.67443	14312.01	  12
[6,3,6] 	 0.67443	14312.01	  12
[-7,-1,0]	 0.67328	  121.26	  12
[-5,-5,0]	 0.67328	 1029.56	   6
[-1,-7,0]	 0.67328	  121.26	  12
[1,7,0] 	 0.67328	  121.26	  12
[5,5,0] 	 0.67328	 1029.56	   6
[7,1,0] 	 0.67328	  121.26	  12
[-7,1,1]	 0.67238	 1601.75	  12
[-1,7,1]	 0.67238	 1601.75	  12
[1,-7,-1]	 0.67238	 1601.75	  12
[7,-1,-1]	 0.67238	 1601.75	  12
[-4,2,-15]	 0.67203	26031.26	  12
[-4,2,15]	 0.67203	26031.26	  12
[-2,4,-15]	 0.67203	26031.26	  12
[-2,4,15]	 0.67203	26031.26	  12
[2,-4,-15]	 0.67203	26031.26	  12
[2,-4,15]	 0.67203	26031.26	  12
[4,-2,-15]	 0.67203	26031.26	  12
[4,-2,15]	 0.67203	26031.26	  12
[-5,-3,-11]	 0.67172	 2843.79	  12
[-5,3,-11]	 0.67172	 2525.40	  12
[-3,-5,11]	 0.67172	 2843.79	  12
[3,5,-11]	 0.67172	 2843.79	  12
[5,-3,11]	 0.67172	 2525.40	  12
[5,3,11]	 0.67172	 2843.79	  12
[-3,5,-11]	 0.67172	 2525.40	  12
[3,-5,11]	 0.67172	 2525.40	  12
[-4,0,-16]	 0.67097	 9568.72	   6
[0,-4,16]	 0.67097	 9568.72	   6
[0,4,-16]	 0.67097	 9568.72	   6
[4,0,16]	 0.67097	 9568.72	   6
[-6,1,-10]	 0.67050	  142.32	  12
[6,-1,10]	 0.67050	  142.32	  12
[-1,-6,-10]	 0.67050	 9124.25	  12
[-1,6,-10]	 0.67050	  142.32	  12
[1,-6,10]	 0.67050	  142.32	  12
[1,6,10]	 0.67050	 9124.25	  12
[-6,-1,10]	 0.67050	 9124.25	  12
[6,1,-10]	 0.67050	 9124.25	  12
[-7,1,-2]	 0.66969	  817.14	  12
[-5,5,2]	 0.66969	   73.12	   6
[-1,7,-2]	 0.66969	  817.14	  12
[1,-7,2]	 0.66969	  817.14	  12
[5,-5,-2]	 0.66969	   73.12	   6
[7,-1,2]	 0.66969	  817.14	  12
[-7,0,-4]	 0.66569	24161.21	   6
[0,-7,4]	 0.66569	24161.21	   6
[0,7,-4]	 0.66569	24161.21	   6
[7,0,4] 	 0.66569	24161.21	   6
[-5,-5,-3]	 0.66529	  402.72	  12
[-5,-5,3]	 0.66529	  402.72	  12
[5,5,-3]	 0.66529	  402.72	  12
[5,5,3] 	 0.66529	  402.72	  12
[-7,-1,-3]	 0.66529	 1058.71	  12
[-7,-1,3]	 0.66529	 1058.71	  12
[-1,-7,-3]	 0.66529	 1058.71	  12
[-1,-7,3]	 0.66529	 1058.71	  12
[1,7,-3]	 0.66529	 1058.71	  12
[1,7,3] 	 0.66529	 1058.71	  12
[7,1,-3]	 0.66529	 1058.71	  12
[7,1,3] 	 0.66529	 1058.71	  12
[-5,0,-14]	 0.66473	  248.32	   6
[-3,-4,-14]	 0.66473	15959.66	  12
[3,4,14]	 0.66473	15959.66	  12
[5,0,14]	 0.66473	  248.32	   6
[0,-5,14]	 0.66473	  248.32	   6
[0,5,-14]	 0.66473	  248.32	   6
[-4,-3,14]	 0.66473	15959.66	  12
[-4,3,14]	 0.66473	 5504.75	  12
[-3,4,14]	 0.66473	 5504.75	  12
[3,-4,-14]	 0.66473	 5504.75	  12
[4,-3,-14]	 0.66473	 5504.75	  12
[4,3,-14]	 0.66473	15959.66	  12
[-4,-4,-12]	 0.66457	   83.90	  12
[4,4,12]	 0.66457	   83.90	  12
[-4,-4,12]	 0.66457	   83.90	  12
[4,4,-12]	 0.66457	   83.90	  12
[-4,1,16]	 0.66441	 4154.33	  12
[-1,4,16]	 0.66441	 4154.33	  12
[1,-4,-16]	 0.66441	 4154.33	  12
[4,-1,-16]	 0.66441	 4154.33	  12
[-2,-2,-18]	 0.66361	   62.60	  12
[2,2,18]	 0.66361	   62.60	  12
[-2,-2,18]	 0.66361	   62.60	  12
[2,2,-18]	 0.66361	   62.60	  12
[-5,2,-13]	 0.66229	  368.45	  12
[5,-2,13]	 0.66229	  368.45	  12
[-2,5,-13]	 0.66229	  368.45	  12
[2,-5,13]	 0.66229	  368.45	  12
[-2,-3,-17]	 0.66166	  368.45	  12
[2,3,17]	 0.66166	  368.45	  12
[-3,-2,17]	 0.66166	  368.45	  12
[-3,2,-17]	 0.66166	  253.04	  12
[-2,3,-17]	 0.66166	  253.04	  12
[2,-3,17]	 0.66166	  253.04	  12
[3,-2,17]	 0.66166	  253.04	  12
[3,2,-17]	 0.66166	  368.45	  12
[-5,4,-9]	 0.66105	14864.71	  12
[-4,5,-9]	 0.66105	14864.71	  12
[-4,5,9]	 0.66105	14864.71	  12
[4,-5,-9]	 0.66105	14864.71	  12
[4,-5,9]	 0.66105	14864.71	  12
[5,-4,9]	 0.66105	14864.71	  12
[-5,4,9]	 0.66105	14864.71	  12
[5,-4,-9]	 0.66105	14864.71	  12
[-6,-4,1]	 0.65935	  270.82	  12
[-4,-6,-1]	 0.65935	  270.82	  12
[4,6,1] 	 0.65935	  270.82	  12
[6,4,-1]	 0.65935	  270.82	  12
[-4,6,-1]	 0.65935	 4234.90	  12
[4,-6,1]	 0.65935	 4234.90	  12
[-6,4,-1]	 0.65935	 4234.90	  12
[6,-4,1]	 0.65935	 4234.90	  12
[-7,1,4]	 0.65928	 6210.36	  12
[-1,7,4]	 0.65928	 6210.36	  12
[1,-7,-4]	 0.65928	 6210.36	  12
[7,-1,-4]	 0.65928	 6210.36	  12
[-5,5,-4]	 0.65928	  339.30	   6
[5,-5,4]	 0.65928	  339.30	   6
[-1,-5,-14]	 0.65834	   29.83	  12
[1,5,14]	 0.65834	   29.83	  12
[-5,-1,14]	 0.65834	   29.83	  12
[5,1,-14]	 0.65834	   29.83	  12
[-3,0,-18]	 0.65726	 6606.96	   6
[-3,0,18]	 0.65726	 6606.96	   6
[0,-3,-18]	 0.65726	 6606.96	   6
[0,-3,18]	 0.65726	 6606.96	   6
[0,3,-18]	 0.65726	 6606.96	   6
[0,3,18]	 0.65726	 6606.96	   6
[3,0,-18]	 0.65726	 6606.96	   6
[3,0,18]	 0.65726	 6606.96	   6
[-6,-4,-2]	 0.65682	 2085.18	  12
[6,4,2] 	 0.65682	 2085.18	  12
[-4,-6,2]	 0.65682	 2085.18	  12
[-4,6,2]	 0.65682	  108.76	  12
[4,-6,-2]	 0.65682	  108.76	  12
[4,6,-2]	 0.65682	 2085.18	  12
[-6,4,2]	 0.65682	  108.76	  12
[6,-4,-2]	 0.65682	  108.76	  12
[-7,2,0]	 0.65395	 1494.54	  12
[7,-2,0]	 0.65395	 1494.54	  12
[-2,7,0]	 0.65395	 1494.54	  12
[2,-7,0]	 0.65395	 1494.54	  12
[-7,-2,1]	 0.65312	 4210.10	  12
[-2,-7,-1]	 0.65312	 4210.10	  12
[2,7,1] 	 0.65312	 4210.10	  12
[7,2,-1]	 0.65312	 4210.10	  12
[-6,-1,-11]	 0.65251	 1601.75	  12
[-1,-6,11]	 0.65251	 1601.75	  12
[-1,6,11]	 0.65251	 7368.34	  12
[1,-6,-11]	 0.65251	 7368.34	  12
[1,6,-11]	 0.65251	 1601.75	  12
[6,1,11]	 0.65251	 1601.75	  12
[-6,1,11]	 0.65251	 7368.34	  12
[6,-1,-11]	 0.65251	 7368.34	  12
[-7,1,-5]	 0.65177	 2447.26	  12
[-1,7,-5]	 0.65177	 2447.26	  12
[1,-7,5]	 0.65177	 2447.26	  12
[7,-1,5]	 0.65177	 2447.26	  12
[-6,-2,-10]	 0.65140	 1546.45	  12
[-2,-6,10]	 0.65140	 1546.45	  12
[2,6,-10]	 0.65140	 1546.45	  12
[6,2,10]	 0.65140	 1546.45	  12
[-2,6,10]	 0.65140	 1351.56	  12
[2,-6,-10]	 0.65140	 1351.56	  12
[-6,2,10]	 0.65140	 1351.56	  12
[6,-2,-10]	 0.65140	 1351.56	  12
[-2,-1,-19]	 0.65131	 1734.38	  12
[-1,-2,19]	 0.65131	 1734.38	  12
[1,2,-19]	 0.65131	 1734.38	  12
[2,1,19]	 0.65131	 1734.38	  12
[-7,-2,-2]	 0.65066	  108.18	  12
[-2,-7,2]	 0.65066	  108.18	  12
[2,7,-2]	 0.65066	  108.18	  12
[7,2,2] 	 0.65066	  108.18	  12
[-6,-4,4]	 0.64699	15256.39	  12
[-4,-6,-4]	 0.64699	15256.39	  12
[-4,6,-4]	 0.64699	  977.82	  12
[4,-6,4]	 0.64699	  977.82	  12
[4,6,4] 	 0.64699	15256.39	  12
[6,4,-4]	 0.64699	15256.39	  12
[-6,4,-4]	 0.64699	  977.82	  12
[6,-4,4]	 0.64699	  977.82	  12
[-7,2,-3]	 0.64662	 1368.98	  12
[-7,2,3]	 0.64662	 1368.98	  12
[-2,7,-3]	 0.64662	 1368.98	  12
[-2,7,3]	 0.64662	 1368.98	  12
[2,-7,-3]	 0.64662	 1368.98	  12
[2,-7,3]	 0.64662	 1368.98	  12
[7,-2,-3]	 0.64662	 1368.98	  12
[7,-2,3]	 0.64662	 1368.98	  12
[-4,-2,16]	 0.64581	  585.26	  12
[-2,-4,-16]	 0.64581	  585.26	  12
[2,4,16]	 0.64581	  585.26	  12
[4,2,-16]	 0.64581	  585.26	  12
[-5,-4,-10]	 0.64538	  100.91	  12
[5,4,10]	 0.64538	  100.91	  12
[-4,-5,10]	 0.64538	  100.91	  12
[4,5,-10]	 0.64538	  100.91	  12
[-1,0,20]	 0.64392	 3633.70	   6
[0,-1,-20]	 0.64392	 3633.70	   6
[0,1,20]	 0.64392	 3633.70	   6
[1,0,-20]	 0.64392	 3633.70	   6
[-5,-5,-6]	 0.64294	  783.31	  12
[-5,-5,6]	 0.64294	  783.31	  12
[5,5,-6]	 0.64294	  783.31	  12
[5,5,6] 	 0.64294	  783.31	  12
[-7,-1,-6]	 0.64294	  119.63	  12
[-7,-1,6]	 0.64294	  119.63	  12
[-1,-7,-6]	 0.64294	  119.63	  12
[-1,-7,6]	 0.64294	  119.63	  12
[1,7,-6]	 0.64294	  119.63	  12
[1,7,6] 	 0.64294	  119.63	  12
[7,1,-6]	 0.64294	  119.63	  12
[7,1,6] 	 0.64294	  119.63	  12
[-7,-2,4]	 0.64109	  973.31	  12
[-2,-7,-4]	 0.64109	  973.31	  12
[2,7,4] 	 0.64109	  973.31	  12
[7,2,-4]	 0.64109	  973.31	  12
[-5,2,14]	 0.64023	   94.68	  12
[-2,5,14]	 0.64023	   94.68	  12
[2,-5,-14]	 0.64023	   94.68	  12
[5,-2,-14]	 0.64023	   94.68	  12
[-6,0,-12]	 0.64009	 2731.78	   6
[6,0,12]	 0.64009	 2731.78	   6
[0,-6,-12]	 0.64009	 2731.78	   6
[0,-6,12]	 0.64009	 2731.78	   6
[0,6,-12]	 0.64009	 2731.78	   6
[0,6,12]	 0.64009	 2731.78	   6
[-6,0,12]	 0.64009	 2731.78	   6
[6,0,-12]	 0.64009	 2731.78	   6
[-6,-4,-5]	 0.63989	  413.77	  12
[6,4,5] 	 0.63989	  413.77	  12
[-4,-6,5]	 0.63989	  413.77	  12
[4,6,-5]	 0.63989	  413.77	  12
[-6,4,5]	 0.63989	 6470.35	  12
[-4,6,5]	 0.63989	 6470.35	  12
[4,-6,-5]	 0.63989	 6470.35	  12
[6,-4,-5]	 0.63989	 6470.35	  12
[-1,1,-20]	 0.63811	 3633.70	   6
[1,-1,20]	 0.63811	 3633.70	   6
[-4,1,-17]	 0.63749	  126.89	  12
[-1,4,-17]	 0.63749	  126.89	  12
[1,-4,17]	 0.63749	  126.89	  12
[4,-1,17]	 0.63749	  126.89	  12
[-6,-3,-9]	 0.63695	  281.65	  12
[-6,3,-9]	 0.63695	   36.73	  12
[-3,-6,-9]	 0.63695	  281.65	  12
[3,6,9] 	 0.63695	  281.65	  12
[6,-3,9]	 0.63695	   36.73	  12
[6,3,9] 	 0.63695	  281.65	  12
[-6,-3,9]	 0.63695	  281.65	  12
[-6,3,9]	 0.63695	   36.73	  12
[-3,-6,9]	 0.63695	  281.65	  12
[-3,6,-9]	 0.63695	   36.73	  12
[-3,6,9]	 0.63695	   36.73	  12
[3,-6,-9]	 0.63695	   36.73	  12
[3,-6,9]	 0.63695	   36.73	  12
[3,6,-9]	 0.63695	  281.65	  12
[6,-3,-9]	 0.63695	   36.73	  12
[6,3,-9]	 0.63695	  281.65	  12
[-5,1,-15]	 0.63514	22711.26	  12
[5,-1,15]	 0.63514	22711.26	  12
[-5,1,15]	 0.63514	22711.26	  12
[-1,5,-15]	 0.63514	22711.26	  12
[-1,5,15]	 0.63514	22711.26	  12
[1,-5,-15]	 0.63514	22711.26	  12
[1,-5,15]	 0.63514	22711.26	  12
[5,-1,-15]	 0.63514	22711.26	  12
[-6,2,-11]	 0.63487	 4234.90	  12
[-2,-6,-11]	 0.63487	 9510.23	  12
[-2,6,-11]	 0.63487	 4234.90	  12
[2,-6,11]	 0.63487	 4234.90	  12
[2,6,11]	 0.63487	 9510.23	  12
[6,-2,11]	 0.63487	 4234.90	  12
[-6,-2,11]	 0.63487	 9510.23	  12
[6,2,-11]	 0.63487	 9510.23	  12
[-7,-2,-5]	 0.63419	 6432.47	  12
[-2,-7,5]	 0.63419	 6432.47	  12
[2,7,-5]	 0.63419	 6432.47	  12
[7,2,5] 	 0.63419	 6432.47	  12
[-7,1,7]	 0.63295	  233.69	  12
[-1,7,7]	 0.63295	  233.69	  12
[1,-7,-7]	 0.63295	  233.69	  12
[7,-1,-7]	 0.63295	  233.69	  12
[-3,-5,-13]	 0.63240	  414.90	  12
[3,5,13]	 0.63240	  414.90	  12
[-5,3,13]	 0.63240	  368.45	  12
[5,-3,-13]	 0.63240	  368.45	  12
[-5,-3,13]	 0.63240	  414.90	  12
[-3,5,13]	 0.63240	  368.45	  12
[3,-5,-13]	 0.63240	  368.45	  12
[5,3,-13]	 0.63240	  414.90	  12
[-4,-5,-11]	 0.62930	 9711.53	  12
[4,5,11]	 0.62930	 9711.53	  12
[-5,-4,11]	 0.62930	 9711.53	  12
[5,4,-11]	 0.62930	 9711.53	  12
[-7,0,8]	 0.62737	 3965.98	   6
[0,-7,-8]	 0.62737	 3965.98	   6
[0,7,8] 	 0.62737	 3965.98	   6
[7,0,-8]	 0.62737	 3965.98	   6
[-2,0,-20]	 0.62695	   27.43	   6
[2,0,20]	 0.62695	   27.43	   6
[0,-2,20]	 0.62695	   27.43	   6
[0,2,-20]	 0.62695	   27.43	   6
[-7,2,-6]	 0.62604	 1109.21	  12
[-7,2,6]	 0.62604	 1109.21	  12
[-2,7,-6]	 0.62604	 1109.21	  12
[-2,7,6]	 0.62604	 1109.21	  12
[2,-7,-6]	 0.62604	 1109.21	  12
[2,-7,6]	 0.62604	 1109.21	  12
[7,-2,-6]	 0.62604	 1109.21	  12
[7,-2,6]	 0.62604	 1109.21	  12
[-3,-7,1]	 0.62440	   35.11	  12
[3,7,-1]	 0.62440	   35.11	  12
[-7,-3,-1]	 0.62440	   35.11	  12
[-7,3,-1]	 0.62440	  275.28	  12
[-3,7,-1]	 0.62440	  275.28	  12
[3,-7,1]	 0.62440	  275.28	  12
[7,-3,1]	 0.62440	  275.28	  12
[7,3,1] 	 0.62440	   35.11	  12
[-4,4,-14]	 0.62354	11569.09	   6
[4,-4,14]	 0.62354	11569.09	   6
[-3,1,-19]	 0.62282	 1734.38	  12
[-1,-3,-19]	 0.62282	  869.69	  12
[1,3,19]	 0.62282	  869.69	  12
[3,-1,19]	 0.62282	 1734.38	  12
[-3,-1,19]	 0.62282	  869.69	  12
[-1,3,-19]	 0.62282	 1734.38	  12
[1,-3,19]	 0.62282	 1734.38	  12
[3,1,-19]	 0.62282	  869.69	  12
[-3,-7,-2]	 0.62225	 3867.64	  12
[3,7,2] 	 0.62225	 3867.64	  12
[-7,-3,2]	 0.62225	 3867.64	  12
[-7,3,2]	 0.62225	 2090.51	  12
[-3,7,2]	 0.62225	 2090.51	  12
[3,-7,-2]	 0.62225	 2090.51	  12
[7,-3,-2]	 0.62225	 2090.51	  12
[7,3,-2]	 0.62225	 3867.64	  12
[-6,-4,7]	 0.62205	   39.51	  12
[-4,-6,-7]	 0.62205	   39.51	  12
[4,6,7] 	 0.62205	   39.51	  12
[6,4,-7]	 0.62205	   39.51	  12
[-4,6,-7]	 0.62205	  617.86	  12
[4,-6,7]	 0.62205	  617.86	  12
[-6,4,-7]	 0.62205	  617.86	  12
[6,-4,7]	 0.62205	  617.86	  12
[-7,1,-8]	 0.62199	 1136.02	  12
[-5,5,8]	 0.62199	   11.78	   6
[-1,7,-8]	 0.62199	 1136.02	  12
[1,-7,8]	 0.62199	 1136.02	  12
[5,-5,-8]	 0.62199	   11.78	   6
[7,-1,8]	 0.62199	 1136.02	  12
[-2,-1,20]	 0.62158	  611.38	  12
[-1,-2,-20]	 0.62158	  611.38	  12
[1,2,20]	 0.62158	  611.38	  12
[2,1,-20]	 0.62158	  611.38	  12
[-4,-2,-17]	 0.62101	  617.86	  12
[4,2,17]	 0.62101	  617.86	  12
[-2,-4,17]	 0.62101	  617.86	  12
[2,4,-17]	 0.62101	  617.86	  12
[-5,-2,-15]	 0.61883	14336.18	  12
[-2,-5,-15]	 0.61883	14336.18	  12
[2,5,15]	 0.61883	14336.18	  12
[5,2,15]	 0.61883	14336.18	  12
[-5,-2,15]	 0.61883	14336.18	  12
[-2,-5,15]	 0.61883	14336.18	  12
[2,5,-15]	 0.61883	14336.18	  12
[5,2,-15]	 0.61883	14336.18	  12
[-4,-3,-16]	 0.61800	13593.62	  12
[-4,3,-16]	 0.61800	 4154.33	  12
[-3,4,-16]	 0.61800	 4154.33	  12
[0,-5,-16]	 0.61800	  650.15	   6
[0,5,16]	 0.61800	  650.15	   6
[3,-4,16]	 0.61800	 4154.33	  12
[4,-3,16]	 0.61800	 4154.33	  12
[4,3,16]	 0.61800	13593.62	  12
[-5,0,16]	 0.61800	  650.15	   6
[-3,-4,16]	 0.61800	13593.62	  12
[3,4,-16]	 0.61800	13593.62	  12
[5,0,-16]	 0.61800	  650.15	   6
[-7,-2,7]	 0.61681	  614.25	  12
[-2,-7,-7]	 0.61681	  614.25	  12
[2,7,7] 	 0.61681	  614.25	  12
[7,2,-7]	 0.61681	  614.25	  12
[-6,1,-13]	 0.61630	 1075.03	  12
[-1,-6,-13]	 0.61630	  233.69	  12
[-1,6,-13]	 0.61630	 1075.03	  12
[1,-6,13]	 0.61630	 1075.03	  12
[1,6,13]	 0.61630	  233.69	  12
[6,-1,13]	 0.61630	 1075.03	  12
[-6,-1,13]	 0.61630	  233.69	  12
[6,1,-13]	 0.61630	  233.69	  12
[-7,-3,-4]	 0.61387	27816.88	  12
[-7,3,-4]	 0.61387	15294.17	  12
[-3,-7,4]	 0.61387	27816.88	  12
[-3,7,-4]	 0.61387	15294.17	  12
[3,-7,4]	 0.61387	15294.17	  12
[3,7,-4]	 0.61387	27816.88	  12
[7,-3,4]	 0.61387	15294.17	  12
[7,3,4] 	 0.61387	27816.88	  12
[-5,-3,-14]	 0.61311	  490.83	  12
[-5,3,-14]	 0.61311	   94.68	  12
[-3,-5,14]	 0.61311	  490.83	  12
[-3,5,-14]	 0.61311	   94.68	  12
[3,-5,14]	 0.61311	   94.68	  12
[3,5,-14]	 0.61311	  490.83	  12
[5,-3,14]	 0.61311	   94.68	  12
[5,3,14]	 0.61311	  490.83	  12
[-5,4,-12]	 0.61299	  378.72	  12
[-4,5,-12]	 0.61299	  378.72	  12
[-4,5,12]	 0.61299	  378.72	  12
[4,-5,-12]	 0.61299	  378.72	  12
[4,-5,12]	 0.61299	  378.72	  12
[5,-4,12]	 0.61299	  378.72	  12
[-5,4,12]	 0.61299	  378.72	  12
[5,-4,-12]	 0.61299	  378.72	  12
[-5,-1,-16]	 0.61286	  231.09	  12
[5,1,16]	 0.61286	  231.09	  12
[-1,-5,16]	 0.61286	  231.09	  12
[1,5,-16]	 0.61286	  231.09	  12
[-4,-1,-18]	 0.61224	   17.57	  12
[-1,-4,-18]	 0.61224	   17.57	  12
[1,4,18]	 0.61224	   17.57	  12
[4,1,18]	 0.61224	   17.57	  12
[-4,-1,18]	 0.61224	   17.57	  12
[-1,-4,18]	 0.61224	   17.57	  12
[1,4,-18]	 0.61224	   17.57	  12
[4,1,-18]	 0.61224	   17.57	  12
[-6,-4,-8]	 0.61164	 2578.90	  12
[-4,-6,8]	 0.61164	 2578.90	  12
[4,6,-8]	 0.61164	 2578.90	  12
[6,4,8] 	 0.61164	 2578.90	  12
[-6,4,8]	 0.61164	  241.73	  12
[-4,6,8]	 0.61164	  241.73	  12
[4,-6,-8]	 0.61164	  241.73	  12
[6,-4,-8]	 0.61164	  241.73	  12
[-7,-1,-9]	 0.61022	 7256.53	  12
[-5,-5,-9]	 0.61022	 2760.28	  12
[-5,-5,9]	 0.61022	 2760.28	  12
[-1,-7,-9]	 0.61022	 7256.53	  12
[-1,-7,9]	 0.61022	 7256.53	  12
[1,7,-9]	 0.61022	 7256.53	  12
[1,7,9] 	 0.61022	 7256.53	  12
[5,5,-9]	 0.61022	 2760.28	  12
[5,5,9] 	 0.61022	 2760.28	  12
[7,1,9] 	 0.61022	 7256.53	  12
[-7,-1,9]	 0.61022	 7256.53	  12
[7,1,-9]	 0.61022	 7256.53	  12
[-6,-5,-1]	 0.60889	 9491.68	  12
[-5,-6,1]	 0.60889	 9491.68	  12
[5,6,-1]	 0.60889	 9491.68	  12
[6,5,1] 	 0.60889	 9491.68	  12
[-6,5,1]	 0.60889	 7368.34	  12
[-5,6,1]	 0.60889	 7368.34	  12
[5,-6,-1]	 0.60889	 7368.34	  12
[6,-5,-1]	 0.60889	 7368.34	  12
[-1,-1,-21]	 0.60874	20358.68	  12
[1,1,21]	 0.60874	20358.68	  12
[-1,-1,21]	 0.60874	20358.68	  12
[1,1,-21]	 0.60874	20358.68	  12
[-3,-7,-5]	 0.60780	   53.64	  12
[3,7,5] 	 0.60780	   53.64	  12
[-7,-3,5]	 0.60780	   53.64	  12
[-7,3,5]	 0.60780	  420.59	  12
[-3,7,5]	 0.60780	  420.59	  12
[3,-7,-5]	 0.60780	  420.59	  12
[7,-3,-5]	 0.60780	  420.59	  12
[7,3,-5]	 0.60780	   53.64	  12
[-3,-2,-19]	 0.60742	 2525.40	  12
[3,2,19]	 0.60742	 2525.40	  12
[-3,2,19]	 0.60742	 1734.38	  12
[-2,-3,19]	 0.60742	 2525.40	  12
[-2,3,19]	 0.60742	 1734.38	  12
[2,-3,-19]	 0.60742	 1734.38	  12
[2,3,-19]	 0.60742	 2525.40	  12
[3,-2,-19]	 0.60742	 1734.38	  12
[-3,-3,-18]	 0.60724	 5173.47	  12
[-3,-3,18]	 0.60724	 5173.47	  12
[-3,3,-18]	 0.60724	 6606.96	   6
[-3,3,18]	 0.60724	 6606.96	   6
[3,-3,-18]	 0.60724	 6606.96	   6
[3,-3,18]	 0.60724	 6606.96	   6
[3,3,-18]	 0.60724	 5173.47	  12
[3,3,18]	 0.60724	 5173.47	  12
[-6,-5,2]	 0.60689	  169.39	  12
[-5,-6,-2]	 0.60689	  169.39	  12
[5,6,2] 	 0.60689	  169.39	  12
[6,5,-2]	 0.60689	  169.39	  12
[-6,5,-2]	 0.60689	   21.33	  12
[-5,6,-2]	 0.60689	   21.33	  12
[5,-6,2]	 0.60689	   21.33	  12
[6,-5,2]	 0.60689	   21.33	  12
[-7,-2,-8]	 0.60665	  240.88	  12
[-2,-7,8]	 0.60665	  240.88	  12
[2,7,-8]	 0.60665	  240.88	  12
[7,2,8] 	 0.60665	  240.88	  12
[-2,2,20]	 0.60627	   27.43	   6
[2,-2,-20]	 0.60627	   27.43	   6
[-4,-4,-15]	 0.60372	14698.83	  12
[4,4,15]	 0.60372	14698.83	  12
[-4,-4,15]	 0.60372	14698.83	  12
[4,4,-15]	 0.60372	14698.83	  12
[-7,0,-10]	 0.60261	36192.95	   6
[7,0,10]	 0.60261	36192.95	   6
[0,-7,10]	 0.60261	36192.95	   6
[0,7,-10]	 0.60261	36192.95	   6
[-6,-2,-13]	 0.60137	 1387.52	  12
[6,2,13]	 0.60137	 1387.52	  12
[-2,-6,13]	 0.60137	 1387.52	  12
[-2,6,13]	 0.60137	  617.86	  12
[2,-6,-13]	 0.60137	  617.86	  12
[2,6,-13]	 0.60137	 1387.52	  12
[-6,2,13]	 0.60137	  617.86	  12
[6,-2,-13]	 0.60137	  617.86	  12
